8,91,371,174,-16,-2,-0.2,0.6,2.1,30.8,0,1.3,1.5,0.8,-0.6,-10.7,-15.6,0.4,-0.8,0,-0.1,1.2,0,1,-2.7,0.1,-0.8,0.2,0.6,5.9,0.9,5.1,-0.4,3.9,-0.3,0.9,2.9
6,81,401,149,25,31,-0.6,0.4,1.5,26.5,0,0.1,1.7,-0.3,0.4,-1.5,1.3,0.1,-0.3,-0.3,0.4,0.7,0.2,-0.2,11.7,0.4,0.5,0.8,0.9,3.8,0.5,2.6,-0.4,2.6,-0.5,0.2,2.1
10,138,386,185,96,66,1,0.3,2.5,19.8,0.8,0.7,2.7,0.5,0.2,24.7,26.2,-1,-0.5,0.5,-0.2,1,0.4,0.6,42.7,-0.8,0.3,0.5,0.4,0.3,0.5,2.2,1.3,3.4,0.9,0.3,3.4
1,100,380,179,28,20,0.9,1.1,1.9,45.1,0.1,0.4,1.5,-1,-0.9,-1.5,-9.2,-0.4,-0.7,0.9,0.7,1.2,-0.1,0.3,12.6,1.6,-0.4,-0.5,0.1,4.1,0.1,3.3,0.1,3,0.1,0.4,2.6
7,88,360,177,-16,3,0,0.9,2.3,31.6,0.1,1.9,1.7,1,-0.6,-7.7,-13.4,-0.1,-1.4,-0.1,-0.1,1.1,0.6,1.4,-1.9,0,-0.4,-0.7,-1,4.7,-0.1,4.9,-0.2,2.9,-0.4,-0.1,3.9
14,100,321,174,107,88,0.5,0.9,1.7,7.1,0.1,1.4,4.3,0.7,2.6,66.7,95.8,-0.2,-1.1,0.5,0.4,-0.4,-0.1,1,65.4,0.4,-1.2,0.8,1.6,8.7,0.8,5.9,0.6,3.3,0,0.9,2.2
1,77,377,133,77,65,-0.5,0.2,1,10.5,-0.1,0.5,1.4,0.3,0.6,12.2,15,0.1,-0.4,0.2,-0.3,0.4,-0.2,0.7,17.1,1.3,-0.3,-0.6,-0.5,4.1,0.4,1.9,0,1.3,-0.4,0.4,1
1,78,376,157,67,51,-0.3,0.8,1,13.7,-0.3,0.6,0.7,-0.3,-0.6,11.2,6.9,0.1,-0.6,0.1,0.6,0.7,-0.2,0.2,16.8,0.7,0.2,0.6,0.6,3.8,0.3,1.4,-0.2,0.8,-0.3,0.1,0.5
1,84,354,160,61,66,0.1,0.4,1,11.6,1.2,1.8,2.8,1.4,1.8,5.3,17.9,-0.7,-1.1,-0.5,-0.6,-0.5,1.1,1.6,22.8,0.5,-0.7,-0.5,0.3,6.8,0.9,6.5,0.1,3.8,0.1,0.6,2.1
10,89,383,156,85,71,-0.1,0.4,1.3,13.5,0,1.2,1.2,0.8,0.3,29.8,32,0.1,-0.6,0,-0.1,0.8,-0.2,0.8,30.2,0.1,0.2,0.8,1.1,4,1.1,1.3,-0.5,1,-0.5,0.8,0.9
3,102,401,156,72,72,-0.4,0.8,0.4,8.4,-0.8,1.7,1.4,1,1.1,8.3,16.6,0.1,-1,-0.5,-0.4,-0.2,0.4,1.3,25.2,0.7,-0.1,-0.2,-0.2,-5.2,0.9,-3.1,-0.9,-0.3,-0.4,0.8,0.9
1,77,373,150,12,26,0.4,0.8,1.6,22.7,0.1,1.2,1.8,0.5,0.2,-1.7,-0.6,-0.1,-1.1,0.1,0.3,0.7,0.1,0.8,10.5,0.1,-0.4,0.2,0.5,0.4,0.5,0.3,0,0.9,0.1,0.5,1.5
10,78,382,163,-24,-13,-0.2,0.8,0.7,26.9,-0.1,0.9,0.8,0.4,0.1,-14,-13.3,0.2,-1.1,0,0.6,0.1,-0.2,0.7,-7.5,0.6,-0.8,0.1,0.5,1,0.8,1.1,-0.3,0.5,-0.2,0.8,0.5
6,91,355,157,68,63,0.2,0.4,1.1,21.9,0,0.8,1.7,0.4,0.6,21.6,25.5,-0.1,-0.6,0.1,-0.1,0.2,-0.1,0.6,34.3,0.8,0.2,0.3,0.5,4.8,0.6,5.4,-0.1,3.4,-0.6,0.4,2.1
1,77,399,163,46,40,0.2,0.6,2.3,58.2,0,0.9,2,0.7,-0.7,12.7,7.4,-0.1,-0.9,-0.2,0.7,1,0.4,0.5,41.4,0.6,-0.8,-0.5,0.4,3.3,0.3,1.9,0.2,1.9,0.1,0.3,1.7
1,75,350,169,36,40,0.1,0.3,1.7,25.9,0.1,1.2,2.3,0.8,0.6,1.6,6,0,-0.9,-0.1,0.1,0.5,0,0.8,17.5,1.2,-0.9,-0.8,0.6,7,0.7,3.1,0,2.6,0,0.6,1.7
10,82,347,169,77,75,-0.5,0.4,0.7,10.9,-0.2,1.4,2.6,1.2,2,17.4,32.6,0.2,-0.9,0,-0.4,-0.7,-0.1,1.3,36.1,1.3,-0.6,-0.4,0.4,4.4,0.4,4.7,-0.5,2.8,-0.4,0.6,2.3
1,70,353,122,57,54,-0.5,0.2,0.5,10.5,0.3,0.1,0.7,-0.2,0.2,6.4,7.3,0,-0.4,-0.5,0.3,0.1,0.4,0.1,12.6,0.6,0.2,0.3,0.5,1.3,0.4,0.9,-0.4,0.5,-0.6,0.3,0.7
1,91,392,175,73,42,0,0.7,1,11.6,-0.1,0.9,0.2,0.6,-1,11.4,3,-0.2,-0.7,-0.3,-0.2,0.8,0.5,0.7,8.2,1.4,-0.2,-0.1,0.2,7.9,0.6,3,-0.1,1.1,-0.5,0.4,0.5
1,82,399,158,-12,1,0.1,0.9,1.7,39.4,0,1.2,1.8,0.4,-0.1,-23.2,-23.7,0.1,-1.1,-0.1,-0.1,0.8,-0.2,0.8,-1,0.4,-0.6,-0.2,0.1,4,0.5,3.6,-0.5,2,-0.3,0.5,1.8
1,83,383,189,50,43,0.5,0.7,3,37.1,0.7,1,3.7,0.3,0.7,5.2,12.2,-0.6,-0.7,0.2,0.2,1.1,0.2,0.5,26.7,0,0.2,-0.3,-0.5,5.7,0.4,4,0.1,4.2,0,0.6,3.3
1,90,336,177,81,80,-0.5,0.5,0.3,5.3,-0.5,1.5,1.5,1.1,1.3,16.8,23.8,-0.1,-1.1,0.5,-0.1,-0.4,-0.2,1.1,26.6,0.7,-0.5,0.4,1.1,7.1,1.2,2.9,-0.4,1.4,-0.4,0.8,1.1
1,71,364,169,62,60,0.4,0.8,1,17.3,0.2,1.1,1.8,0.3,0.8,13.7,18.1,-0.1,-1,0.1,0.3,0.2,0.2,0.7,28.8,0.4,-0.6,-0.3,0,3,0.4,2.4,0,2,-0.1,0.5,1.7
1,75,406,143,4,5,0.1,0.6,1,27.2,-0.1,0.8,0.7,0.4,-0.4,-8.7,-11.1,-0.1,-0.5,0.3,-0.1,0.6,-0.2,0.6,1.2,0.5,0.3,0.3,0.6,1.3,0.5,0.9,0,1.2,0.7,0.4,1.1
1,82,388,149,52,42,-0.1,-0.2,1.9,31.7,-0.4,0.8,1.6,0.7,-0.5,9.5,6.6,0.1,0.1,-0.1,-0.4,1.1,-0.1,0.7,24.7,0.4,0,0,0,2.9,0.6,1.9,-0.2,2.5,-0.6,0.5,2.5
16,109,382,195,-34,7,-0.9,-0.3,-1.5,16.1,0,-0.1,1.8,0.4,2.4,-38.9,-14.5,0.5,0.2,-0.9,-0.2,-1.8,0.5,0.4,0.7,2.9,0.8,1.1,1.4,6.3,0.6,3.4,-0.3,2,-0.7,0.4,1.3
14,94,373,224,90,77,0.1,0.8,1.3,10.7,0.5,1.6,2.1,0.9,0.9,28.7,33.7,-0.2,-1.4,0,0.1,0.4,0.1,1.2,31.2,0.5,-2.1,-1.6,1.4,8.4,1,7.4,0,4.2,-0.3,0.6,2.6
10,95,407,168,10,30,0.1,0.7,1.8,33.2,0.1,0.8,3,0.2,1.1,-7,1.8,-0.1,-0.6,0.3,0.4,0.8,-0.2,0.4,15.1,1.3,0.1,0.4,0.6,3.8,0.3,3.3,0,3.5,0,0.3,3.2
2,90,420,381,-8,0,-0.9,0.9,-1.4,21.2,-0.2,1.1,0.1,0.3,0.4,-19.8,-13.9,0.7,-0.9,-0.9,0.5,-1.2,0.1,0.6,-18.9,0.9,-0.6,-0.2,-0.4,0.3,0.2,-1.7,-0.3,-1.7,-0.4,0.4,-1.4
2,96,400,301,-37,-67,-1.7,0.3,-1.7,12.3,-0.3,0.1,-0.8,-0.7,1.1,-44.5,-27.8,0.9,-0.5,-1.4,0.4,-1.4,0.4,0.3,-16.4,1.1,-0.5,0.2,0.2,-1.6,0.2,-1.3,-0.6,-1.2,-0.7,0.5,-1.1
6,85,408,172,-52,-32,0.1,0.6,1.2,30.2,0.4,1.1,1.2,0.5,-0.7,-24.2,-28.8,-0.1,-0.8,0,0.3,0.7,0.2,0.8,-13.3,1,-0.6,0.1,0.4,7.3,0.7,5.2,0.1,2.6,0.1,0.7,1.1
1,71,339,152,13,14,0,0.5,1,24.8,0,0.7,0.8,0.4,-0.3,-5,-7.1,0,-0.7,0,-0.2,0.6,-0.1,0.7,4.4,0.1,0.1,0.1,0.3,2.9,0.5,1.9,0,1.8,0,0.4,1.4
1,75,353,183,38,35,-0.7,-0.1,2.4,33,-0.4,1,2.5,0.3,0.2,3.5,5,0.4,-0.5,0,0.7,1.4,-0.4,0.5,20.4,0.6,0.4,0.5,0.8,4.7,0.6,3,-0.1,3,-0.2,0.7,2.5
1,78,368,148,9,21,-0.6,0.7,1,35.8,-0.2,1.2,1.8,0.4,0.8,-11,-5.3,0.2,-0.9,-0.2,0.1,0.1,0.1,0.7,10.6,1.1,-0.5,-0.4,-0.4,4.8,0.7,2.8,-0.3,1.4,-0.5,0.7,1.2
4,82,357,129,49,47,0,0.7,0.7,9,0.3,1.9,0.9,1.3,0.3,2.7,3.8,-0.1,-1.3,-0.6,-0.5,0.3,0.8,1.6,9.9,0.8,0.2,0.3,0.8,2.6,1,1.2,0,1,0.1,0.9,0.8
1,69,357,137,62,53,0.2,0.4,1,15.1,0,0.9,0.9,0.5,-0.6,12.8,9.8,0,-0.7,-0.1,0.4,0.5,0.1,0.7,24.5,0.5,-0.2,0.1,0.2,3.4,0.7,1.2,-0.4,1.6,-0.1,0.6,1.6
1,103,366,161,54,30,-0.1,1.4,1.8,27.3,0,1.1,1.5,0.4,-0.6,6.6,-0.6,0,-1,0,0.8,1,-0.1,0.7,12.3,0.7,0.1,0.1,0.3,2.8,0.7,2.2,-0.4,1.9,-0.4,0.5,1.6
10,85,385,174,48,39,0.1,1.6,3.1,38.1,0.1,1.3,3.4,-0.3,0.7,3.9,10.2,0,-1.4,-0.4,0.9,1.8,0.2,-0.2,26.3,0.9,-1.1,-1.4,-0.8,8.6,1.1,7,-0.1,5.3,-0.2,1,4.3
1,80,354,166,-2,-1,0.4,1.2,3.7,61,0,1.4,2,0.3,-1.6,-18,-32,-0.2,-1.3,0.4,0.5,2.7,-0.1,0.8,3,0.7,-0.6,0.3,0.5,4.3,1,3.5,0.1,3.7,0.2,0.9,3.8
6,94,401,159,-57,-48,-0.8,0.4,1.6,36,0,0.9,0.5,0.6,-1,-46.9,-52.9,0.3,-0.6,-0.8,-0.3,1.3,0.4,0.7,-35.2,1,0,0,0,2,0.5,1.5,-0.8,1.5,-0.4,0.4,1
1,80,383,141,53,36,-0.2,0.6,1.5,16.8,-0.1,0.8,1,0.2,-0.5,5.2,1.9,0.2,-0.7,-0.1,0.4,0.9,0,0.5,10.6,0.3,-0.1,-0.4,-0.7,3.6,0.6,2.7,-0.3,2.2,-0.2,0.4,1.9
1,79,350,160,67,43,0,0.5,1.3,13,-0.1,1,0.6,0.6,-0.9,8.1,1.1,-0.2,-0.7,0.1,-0.2,1.1,0.1,0.9,17.2,0.1,-0.5,-0.3,0.1,3.4,0.2,2.3,0,1.3,-0.3,0.4,0.9
1,92,346,158,54,52,-0.3,0.8,1.3,21.6,-0.5,1.4,1.9,0.8,0.6,5.7,9.1,0.4,-1.2,-0.2,-0.3,0.3,-0.1,1.4,25.7,0.6,-1.2,0.2,0.9,4.1,1.1,3,-0.7,2.1,-0.4,0.9,1.5
1,84,383,144,59,57,-0.1,0.6,1.1,29.8,-0.4,1.3,1.9,0.7,0.7,18.6,24.6,0.1,-0.9,0,-0.1,0.3,-0.5,0.9,37.9,0.5,0,0,0,1.8,0.3,1.7,-0.5,-1.4,-0.5,0.4,-1.1
1,86,367,147,-18,-12,-0.1,0.4,1.4,31.8,-0.2,0.8,0.8,0.4,-0.7,-13.5,-18.8,0.1,-0.6,0,-0.1,0.9,-0.1,0.6,-3.9,0.2,-0.4,-0.3,-0.4,4.4,0.6,2.9,-0.4,0.9,-0.3,0.6,0.7
4,73,350,138,-18,-1,-0.6,1.1,0.8,27.1,-0.2,1.8,1.3,0.9,0.7,-16.2,-12.6,0.4,-1.3,-0.7,-0.1,-0.2,0.5,1.1,0.9,0.4,-0.8,0.5,0.7,2.2,0.8,1.5,0.1,1.5,0.2,0.7,1.5
5,75,322,172,18,14,-0.2,0.7,1.6,21.9,0.2,1.3,1.4,1.1,-0.6,-4,-8.8,0.1,-1.2,-0.4,-0.6,1.1,0.1,1.3,4.3,0.2,-0.6,-0.3,0.2,5.2,0.3,3.5,-0.3,1.7,-0.3,0.2,1.3
1,73,369,143,30,20,0.1,0.5,0.8,23.2,-0.3,0.5,0.2,0.1,-0.7,0.3,-4.3,0,-0.5,0.2,0.3,0.6,-0.2,0.3,6.1,0.1,0,0,0,1.9,0.6,1.3,-0.7,0.6,-0.6,0.4,0.5
6,78,429,130,63,68,-0.5,0.3,0.4,8.9,0.7,0.8,1.4,0.7,1,8.9,15.7,-0.1,-0.5,-0.8,-0.3,-0.4,0.7,0.7,21.6,0.2,-0.4,0.1,0.3,0.3,0.4,1,-0.2,1.5,-0.3,0.4,1.6
1,80,379,149,-14,-10,-0.8,1,0.4,33.5,-0.2,1.9,0.5,0.9,0.2,-20.6,-19.3,0.4,-1.4,-0.7,-0.2,0.2,0.2,1.4,-4,1.2,-0.9,0.3,0.4,4.3,0.8,1.5,-0.1,0.9,-0.2,0.7,0.6
1,81,386,137,1,27,0.2,0.7,0.8,25,0,0.9,1.7,0.6,1,-7.7,-0.9,-0.1,-0.7,0.1,-0.3,-0.2,0,0.7,7.9,0.4,-0.4,-0.3,0.3,-0.6,0.6,1.1,-0.3,1.4,0,0.7,1.3
1,83,359,169,34,33,0.1,0.8,1.4,20,0.2,1,1.4,0.6,0.2,1.5,2.7,-0.2,-0.9,-0.1,-0.1,0.7,0.1,0.7,10.2,0.4,0,0,0,3.3,0.8,1.5,0,1.1,0,0.5,1.2
10,103,356,162,11,9,-0.1,0.8,1.2,26.2,-0.3,1.3,0.8,0.7,-0.5,-7.5,-11,-0.1,-1,0.1,0.3,0.8,-0.1,1,6.2,0.9,-1.1,-0.5,-0.1,4.8,0.1,2.9,-0.1,1.2,-0.3,0.5,0.6
16,92,370,142,64,59,-0.2,0.4,1.5,30.5,-0.4,0.8,2.1,0.4,0.6,27.6,31.5,0.1,-0.5,0,-0.1,0.5,-0.3,0.6,43.2,0.2,0.7,-0.1,-0.7,4.1,0.5,4,-1,2.7,-0.7,0.4,2.1
16,88,369,113,58,62,0,-0.2,0.1,9.2,0,-0.2,0.6,0.1,0.6,10,14.5,-0.1,-0.6,0.1,0.2,-0.2,-0.1,0.6,17.3,0.9,0,0,0,2.7,0.4,0.6,-0.6,0.2,-0.4,0.4,-0.3
6,77,392,160,30,31,-0.6,0.7,3,42.8,-0.1,0.8,3,0.2,0.2,-1.3,-0.3,-0.1,-1,0.1,0.5,1.3,0,0.4,24.7,0.7,0.5,0.8,0.7,5.9,0.6,2.8,-0.5,2.8,-0.2,0.5,2.6
1,79,376,165,34,26,0,0.6,1.6,35.5,-1,0.5,1.4,0.3,-0.8,2.2,-2.4,0.3,-0.3,0.1,-0.1,1,-0.4,0.3,14.9,1.1,0,0,0,6.2,-0.1,2.5,-0.1,2,-0.4,0,1.5
1,90,364,175,-11,3,-0.1,0.8,1,34.8,0,1.3,0.6,0.6,0.2,-14,-10.7,-0.1,-0.7,0.3,-0.2,0.5,-0.1,0.9,-1.2,0.9,-0.5,-0.7,-0.8,4.9,0.7,1.6,-0.3,0.6,-0.1,0.5,0.2
6,91,372,161,42,33,-0.3,0.6,0.4,15.2,0,1.3,0.1,0.9,-0.4,2.6,0.2,0.4,-1,-0.3,-0.2,0.4,0.2,1.1,9.8,0.8,-0.5,-0.4,0.2,3.5,0.6,0.2,-1.2,-0.7,-0.9,0.7,-0.8
1,83,386,174,81,76,-0.4,-0.4,0.7,8.7,-0.5,-0.5,0.9,-0.2,0.4,24.6,27.5,0.2,-0.9,-0.2,0.3,0.2,0,0.6,45.2,0.4,0.2,0.2,0.3,3.1,0.5,2.5,-0.3,1.9,-0.6,0.4,1.6
5,80,287,156,126,104,-0.3,1,1,-6.1,0.2,2,0.9,1,-0.2,16.2,14.6,-0.3,-1.5,-0.2,0.1,0.4,0.4,1.5,19.1,0.3,-0.8,0.2,1.2,6.5,1.1,2.6,0.6,1.4,0.6,0.8,0.9
5,78,324,155,40,30,0.1,0.8,2.7,31.7,0,1.5,2.5,0.9,-0.5,2.2,-0.6,-0.1,-1.1,0.5,-0.3,1.5,0,1.2,16,0.2,0.3,0.1,0.7,4.7,0.8,2.6,-0.4,2.6,-0.4,0.7,2.4
1,76,373,152,74,68,0.1,0.8,1.2,13.2,0.2,1.6,2.9,1.2,1.7,12.5,24.7,-0.1,-1,0,-0.4,-0.1,0.2,1.4,30,0.6,0,0,0,3.6,0.8,2.9,0,2.8,0,0.8,2.5
1,82,374,167,66,62,-0.3,0.4,1.7,24.4,-0.5,0.8,3.5,0.6,1.9,14.7,26.4,0.4,-0.6,0,-0.2,-0.2,-0.3,0.7,40.2,0.4,-0.5,-0.2,0,5.1,0.5,4.3,-0.5,3.7,-0.4,0.6,3
1,81,382,209,75,67,-0.1,0.9,1.8,23.9,0,0.2,2.4,-0.7,0.7,37.5,42.6,0.1,-0.3,0,0.4,0.8,-0.1,-0.1,56,0.5,0.1,0.2,0.1,5.4,-0.2,4.5,-0.2,3.4,-0.2,-0.1,2.9
1,80,363,142,56,31,-0.1,0.6,0.9,15.9,-0.4,0.7,0.8,0.5,-0.8,5.2,-2.4,0.5,-0.8,0.1,-0.2,0.4,-0.6,1,9.5,0.1,0.2,0.1,0.1,2.5,0.5,2.2,-0.1,1.6,-0.2,0.5,1.1
2,82,410,141,25,39,-0.5,0.6,-0.5,6.8,-0.2,1.2,0.5,0.8,0.6,-0.3,2.8,0.3,-0.9,-0.4,-0.1,0.2,0.1,0.9,5.2,0.7,0.4,0.5,0.8,1.4,0.5,-2.1,-0.4,-0.9,-0.4,0.6,-0.3
1,71,350,165,66,57,-0.3,0.8,2.1,27.8,-0.5,0.7,2.9,-0.2,0.8,18,22.3,0.4,-0.6,-0.3,0.4,0.7,0,0.2,39.8,0.6,0,0,0,3.9,-0.7,3.3,-0.1,2.9,-0.3,-0.3,2.5
6,73,408,151,64,58,-0.6,0.8,1.1,22,-0.3,1.1,1.5,0.2,0.4,16.3,18.4,0.5,-0.9,-0.6,0.3,0.4,0.1,0.6,30.8,0.4,-0.3,0.3,0.9,2.9,0.9,3.1,-0.4,2.5,-0.9,0.8,2.2
1,87,380,152,-36,3,0.1,0.8,1.1,16.9,0.6,1.3,1.7,0.7,0.7,-11.5,-6.5,-0.4,-0.9,-0.2,-0.2,0.2,0.7,0.9,0.9,0.1,-0.6,0.2,0.6,2.4,1,1.7,0.4,1.7,0.4,0.7,1.6
6,76,384,172,34,32,-0.4,0.8,2.4,40.8,-0.1,1.1,2.4,0.4,0.1,-0.2,0.6,0.2,-0.9,0,0.4,1.2,-0.2,0.7,22.8,0.4,0.3,0.3,0.7,4.3,0.8,3.1,-0.7,2.3,-0.1,0.6,1.9
16,101,356,164,33,26,-1,0.8,2.4,36.2,-0.1,0.6,2.1,0.2,-0.7,1.3,-2.9,0.5,-0.5,-1.2,0.5,1.3,0.4,0.2,15,0.6,0.7,-0.1,-0.3,6.1,0.4,3.9,0,2.9,-0.1,0.2,1.9
1,93,361,164,63,56,0.1,0.8,1.1,16.6,0.1,1.8,1.5,1.1,0.5,11.1,13.3,-0.2,-1.2,0.1,-0.4,0.4,0.1,1.4,18.1,0.6,-0.8,-0.2,0.1,4.4,0.5,3.4,0.3,2.1,0,0.7,1.5
1,90,418,162,-24,-8,-0.7,1.6,1.7,30.7,-0.3,1.4,1.4,0.2,-0.3,-16.9,-19.3,0.6,-1.3,-0.6,0.9,1,0,0.6,-8.1,0.6,-0.9,0.3,0.7,3.6,0.7,1.9,-0.8,1.7,-0.8,0.6,1.6
1,87,383,178,61,56,0,0.7,2.1,28.1,0.2,1,3.3,0.5,1.2,12.7,21.3,-0.1,-0.8,0.1,0.3,0.5,0.2,0.7,40.8,0.4,0,0,0,6.4,0.7,7.4,-0.2,5.2,-0.2,0.4,3.5
10,88,371,167,88,74,0,0.6,1.6,12.9,0.3,1.1,4.2,0.6,2.6,15.6,36.4,-0.2,-0.8,-0.1,-0.1,-0.7,0.4,0.8,40.1,0.7,-0.6,0.3,0.9,7.7,0.5,4.4,-0.2,3.1,-0.2,0.4,2.2
3,94,431,158,116,139,0.6,0.7,-1.3,-18,0.2,1.1,-1.1,-0.1,0.4,19.2,22.6,-0.4,-0.9,0.5,0.3,-0.8,-0.1,0.8,13,0.1,-0.6,0.3,0.7,4.4,0.8,5.5,2.6,3.5,1.3,0.6,-2.2
2,94,377,142,30,12,0,0.7,0.6,13.9,-0.3,1.2,-0.4,0.5,-0.7,3.1,-1.6,0.1,-0.8,0.2,0.4,0.5,-0.3,0.6,1.5,0.2,-0.5,0.3,0.5,0.3,0.5,-1.2,-0.8,-0.9,-0.5,0.4,-0.6
1,90,388,178,88,82,-0.1,0.5,0.9,9.1,-0.5,2,2.2,1.5,1.4,28.7,36.8,0.5,-1.3,0,-0.5,-0.3,-0.1,1.8,42.5,0.5,-0.8,-0.4,0.5,2.9,1.3,2.2,-0.9,2.3,-1,1.4,2.4
1,78,331,148,62,54,-0.5,0.6,0.8,16.2,0,1.2,0.8,1.1,-0.6,12.1,9.1,0.2,-0.7,-0.3,-0.5,0.5,0,1.1,24.5,0.9,-0.7,-0.5,-0.9,3.7,0.9,1.7,-0.6,0.9,-0.7,0.9,0.5
1,83,330,133,60,49,-0.2,0.6,0.9,19.3,-0.4,1.3,0.6,0.7,-0.8,14.2,9,0.1,-0.9,0,-0.1,0.7,-0.2,1,24.4,1,-0.4,0.1,0.4,4.5,0.5,2,-1,0.6,-0.4,0.5,0.5
1,92,349,176,68,59,0.1,0.8,1.8,24.1,0.2,1.4,3,0.7,1.2,14.7,22.3,0.2,-1.6,-0.1,-0.2,0.5,-0.1,1.6,27.2,0.5,-0.8,0.1,0.7,6,1.3,4.2,-0.3,2.7,-0.2,1,1.8
2,93,361,132,44,44,-0.4,0.2,0.4,15.9,0,0.6,0.5,0.4,0.2,3,4.3,0.1,-0.4,-0.9,-0.1,0.2,0.5,0.5,11.7,0.8,-0.6,-0.4,-0.5,2.2,-0.6,0.9,-0.6,-1.1,-0.8,-0.2,-0.9
4,100,359,149,-55,26,-0.3,0.7,0.1,3.9,-0.3,1.1,1.1,0.5,1.2,-7.7,-0.5,0.1,-0.9,-0.1,-0.1,-0.5,0.1,0.8,2.6,0.8,-0.8,-0.6,-0.3,3.9,0.8,2.4,-0.5,0.4,-0.5,0.8,0.3
6,83,381,145,82,82,-0.1,0.2,0.3,4.5,0,0.4,1.9,0.4,1.5,28,38.2,0.2,-0.4,-0.2,0.3,-0.7,0,0.4,48.6,1.2,0,0,0,3.9,0.4,2.9,-0.3,2.3,-0.7,0.2,1.5
9,163,431,242,56,63,-1.5,0.3,-1.1,15.3,-1.7,1,-1.5,0.7,-0.4,15.4,11.8,1.9,-0.6,-0.7,-0.3,-0.3,-1.1,0.8,13.6,4,-1.9,-2.3,-3.1,18.8,0.4,15.6,-0.5,3.8,-4.5,0.1,-3.7
2,96,373,147,68,82,-0.5,0.5,-1.7,6.2,-1.6,1,-1.4,0.8,1.3,31.4,37.1,1.1,-0.6,0.1,-0.3,-1.4,-1.3,0.9,47,1.8,-0.7,-0.1,-0.3,2.4,0.2,-3.1,-1.6,-3,-1.2,0.3,-2.2
4,114,383,222,64,50,-0.1,0.8,0.6,18.6,0.4,1.3,0.6,0.7,-0.2,11.9,9.4,-0.1,-1,-0.4,-0.2,0.4,0.5,1,17.7,1.2,-0.8,-0.2,0.1,7,0.6,2.5,0,0.2,-0.1,0.6,-0.6
9,170,419,264,62,-135,-0.2,-0.1,-1.3,-9.2,-1.6,0.2,-2.7,0.1,-1.6,11,-13.3,0.8,0,1.1,0,-0.5,-1.7,0,-0.2,4.4,-0.6,-0.8,-1.5,14.6,0,1.3,-1.6,-3,-2,0,-3.3
9,137,393,244,14,49,-2.7,0.9,-1.8,23.1,-1.2,0.9,0.7,-0.8,1.9,-15.7,7.4,1.9,-1.2,-2.1,0.6,-1.7,0.1,0.7,27.7,3,-0.8,0,0.2,4.6,0.5,1,-1.4,-1.3,-2,1.2,-1.5
1,84,420,221,27,4,0,0.9,1.5,20.2,-0.2,1,0.5,0.4,-1.1,-1.4,-9.7,0,-0.8,0.1,0.5,1.3,-0.2,0.5,1.8,0,-0.4,-0.4,-0.1,0.8,0.5,0.9,0,0.4,0.1,0.6,0.6
4,82,342,138,-4,-1,-0.1,0.3,1.2,27.3,-0.3,0.8,0.1,0.6,-1.3,-9.6,-15.3,-0.1,-0.8,-0.5,-0.1,-1.2,0.6,0.7,5.4,0.3,-0.6,-0.4,-0.4,4.5,0.3,3.8,-0.2,1.2,-0.1,0.3,0.4
1,79,371,171,9,9,0.2,0.9,2.3,25.3,0.5,1.4,1.7,0.7,-0.8,-2.7,-9.2,-0.4,-1.1,0,-0.1,1.6,0.4,1,5.2,0.1,-0.6,-0.3,0.2,4.9,1,3.1,0.6,2.7,0.5,0.9,2.3
5,72,328,135,-13,-13,0.1,0.9,1,26.2,-0.7,0.7,0.3,0.2,-0.9,-19.7,-25.6,0.5,-0.8,0,0.8,1.1,-0.5,0.6,-0.8,0.1,-0.4,-0.2,-0.4,2.2,0.6,1.1,-0.5,0.7,-0.2,0.5,0.7
10,97,338,235,-137,50,0.1,0.4,1.5,11.1,-0.2,1.9,2.6,1.5,1,-0.1,6.1,0,-1.1,0.4,-0.6,0.3,-0.3,1.6,10.2,0.1,-1.1,0.3,0.4,8.8,0.6,6.9,0.1,3.8,0,0.8,2.4
1,87,406,192,19,51,-0.4,0.9,1.2,16.8,-0.2,0.8,2.4,-0.3,1.1,-1.2,10.4,0.2,-0.8,0.1,0.5,-0.1,0,0.3,17.7,0,-0.1,-0.2,-0.3,4.3,-0.2,3.8,0.2,2.9,0.4,-0.3,2.2
10,102,364,168,33,25,0,0.8,1.7,24.9,0,1.1,1.5,0.4,-0.5,1.9,-2,0,-0.9,0.1,0.5,0.9,-0.1,0.7,10.9,0.3,0.4,0.6,0.8,2.8,0.9,3.3,0,2.6,-0.1,0.6,2.1
1,85,397,176,24,36,-0.2,0.8,2.7,46.7,-0.2,1.2,3.2,0.5,0.6,-3,1.8,0,-0.7,0,-0.2,-0.1,-0.1,0.7,28.3,0,0.1,0.3,0.3,3.9,0.1,4,0,3,-0.1,0.2,2.6
1,84,450,193,22,5,0.2,0.9,1.9,23.2,-0.3,0.9,1.1,-0.6,-1,-3.3,-11.3,0.1,-0.5,-0.1,0.5,1.3,0,0.3,1.3,0.1,0.3,-0.3,-0.5,0.9,0.3,0.6,-0.2,0.4,-0.1,0.4,0.7
1,78,241,152,26,30,-1,1,-1,27.9,-0.4,1,-0.9,0.4,0.4,-0.8,1.5,0.8,-1,-1,0.5,-0.7,0.1,0.7,10.6,0.6,0.4,0.3,0.6,1.1,0.7,-0.7,-1,-0.6,-0.9,0.5,-0.5
4,79,377,172,-10,-7,0,0.6,1.7,31.8,0,1.7,0.7,1.1,-1.5,-9.8,-20.3,0,-1.2,0,-0.3,1.6,0,1.4,5.5,0.5,-1,-0.4,0.5,1.7,0.6,1.2,0,0.9,0,0.8,0.6
1,91,387,117,73,71,0.1,0.7,0.5,16.6,-0.1,1.2,1,0.5,0.5,36.1,38.8,0.2,-0.9,0,0.2,-0.1,-0.1,0.7,48.6,0.4,-0.5,0.3,0.6,2.2,0.9,0.5,-0.1,1,-0.1,0.7,0.9
1,98,343,132,169,124,-0.1,0.8,0.4,-7.1,-0.5,1.5,1.4,0.8,1,3.3,9.5,0.1,-1.1,0,0.2,-0.3,-0.2,1.1,7.8,0.6,-0.9,0.5,1.1,1,1.3,1,-1.1,1.5,-1.3,1.1,1.3
1,86,414,182,43,46,-0.2,0.6,2.5,47.1,0,0.8,4,0.6,1.5,7.6,19.9,0.4,-0.6,0,-0.1,0.5,-0.1,0.8,43.4,0.7,0,0,0,6.9,-0.1,9.3,-0.4,5.5,-0.5,0.2,3.7
6,72,371,137,56,47,0,0.3,1.3,18.9,0.1,0.8,1.2,0.4,-0.2,8.1,7.5,0.1,-0.5,0.1,0,0.7,0,0.6,18.9,0.4,0,0,0,3,0.5,1.6,0.1,1.3,0,0.4,0.9
4,97,370,170,-2,2,-0.3,1,0.5,21.2,-0.2,0.9,0.4,0.2,0.1,-7.2,-6.4,0.1,-1.1,-0.5,0.9,0.2,0.4,0.7,3.9,1.1,-1.2,-0.7,0.3,2.7,1.1,0.6,-0.8,0.4,-0.4,0.8,-0.7
6,82,415,108,-1,12,-0.1,0,0.3,14.2,-0.3,0,0.5,0,0.3,-7.4,-5.9,0,-0.3,0.1,0.2,-0.4,-0.1,0.2,5.5,0.5,-1.1,0.3,0.6,7.2,0.6,7.4,-0.9,1.8,-0.7,-0.7,0.4
1,78,368,192,37,28,0.1,1,2.6,35.5,0.1,1.1,2.2,0.4,-0.4,1.4,-1.7,-0.1,-0.9,-0.2,-0.1,1.3,0.4,0.7,16,0,-0.7,-0.1,0.5,5.4,0.8,5.1,-0.1,3.4,-0.2,0.7,2.8
2,97,353,141,90,92,0,0.5,0.3,2.2,-1.8,-0.9,-1.5,-1.4,-0.9,34.5,24.8,1.1,0.3,0.6,0.6,0.4,-1.7,-1,24,-0.2,-1.2,-1.1,0.8,11.2,1.9,10.3,-2.5,1.2,-1.5,-0.3,-1.7
1,94,360,203,26,55,-0.2,0.7,-1,12,0.2,0.8,0.5,0.2,0.8,-1.4,8.3,0.1,-0.7,-0.5,0.6,-0.9,0.4,0.4,15,1.4,-0.6,-0.6,-0.3,1,0.3,0.4,-0.6,0.2,-0.7,0.4,0.3
1,82,366,148,-12,-4,-0.1,0.6,1.8,30.7,-0.1,0.7,1.3,0.4,-0.6,-13.1,-17.1,0.4,-0.6,-0.1,0.5,1,-0.1,0.4,-3.4,0.2,-0.1,-0.2,-0.2,4.2,-0.6,3.3,-0.6,1.7,-0.6,-0.3,1.3
1,78,369,167,41,40,0.4,0.9,1.4,19.1,-0.1,1,1.6,0.5,0.5,2,5.8,-0.2,-1,0.2,0.5,0.6,-0.1,0.8,11.4,0.4,-1.1,0.2,0.7,4.3,0.9,3.8,0,2.9,-0.1,0.9,2.1
1,79,364,167,58,62,0,1,1,17.3,0.9,1.4,2.3,0.5,1.3,6,17.7,-0.6,-1,-0.2,-0.2,-0.1,1,1,27.6,0.4,-0.8,-0.3,0.2,3.3,0.5,2.2,0.1,1.8,0.1,0.5,1.3
1,87,335,167,78,62,0.1,0.4,3.4,37.4,0.2,0.1,5.4,-0.3,1.9,33.1,48.6,-0.2,-0.5,0.2,0.3,1.1,-0.3,0.1,44.4,0.7,0.1,0.3,0.4,2.3,0.5,6.3,0.9,6.9,0.6,0.3,5.1
6,93,390,137,62,47,0,0.5,2,23.3,-0.2,0.4,1.8,-0.3,-0.5,12.6,10.5,0.3,-0.6,0.2,0.3,1.2,-0.4,0.3,23.3,1.3,0.5,0.7,0.7,6.6,0.4,2.1,-0.5,1.7,-0.5,0.3,1.7
1,75,418,155,12,19,0.2,0.9,2.2,23.3,0.1,1.5,2.2,0.7,-0.5,-3,-6.6,-0.1,-1.1,0,0.3,1.2,0,0.8,8,0.1,-0.8,-0.3,0.9,5.6,0.5,2.5,0.2,2.4,0.1,0.6,1.9
16,106,411,161,55,42,-0.5,0.6,2,23.5,-0.1,0.8,1.8,0.4,-0.3,9.6,7.7,0.1,0.2,-0.4,-0.1,1,0,-0.1,19.7,1,0.2,0.4,0.4,2.5,0.4,1.4,0,2.4,-0.5,0.3,2.6
1,96,340,152,-16,1,0.1,0.7,2.5,30.4,0.2,0.8,2,-0.3,-0.4,-16.4,-19.4,-0.1,-0.6,0,0.3,1.4,0,0.3,-0.9,0,0.1,0.3,0.5,3.5,0.5,1.4,0,1.7,0,0.6,1.6
1,88,353,156,-21,-3,-0.5,0.3,1.9,23.5,-0.8,0.6,1.3,0.4,-0.5,-10.1,-14.3,0.7,-0.5,-0.2,-0.2,1.2,-0.5,0.6,1,0.6,0.1,-0.3,0.2,3.4,0.3,1.3,-0.5,1.2,-0.2,0.7,1.2
1,90,382,168,52,57,-0.1,0.4,0.5,20.3,-0.5,0.9,1.4,0.5,1,8.7,15.1,0.4,-0.7,0,-0.1,-0.3,-0.6,0.7,25.8,0.7,0,0,0,2.8,0.6,1.8,-0.6,1.5,-0.6,0.5,1.2
1,74,380,154,15,27,-1,0.6,0.9,34.7,-1,1,1.7,0.6,0.8,-8.1,-1.7,1,-0.8,-0.7,-0.2,0.2,-0.2,0.7,14.2,1.1,0.3,0.1,0.2,4.3,0.5,3.3,-1,2.4,-1,0.7,1.8
1,85,339,157,18,27,0.1,0.5,0.8,12.2,0.1,1.1,1,0.8,0.2,-0.3,0.4,0.2,-0.7,-0.3,-0.2,0.4,-0.1,0.7,4.3,0.5,0,0,0,2.5,0.4,1.8,-0.3,1,-0.6,0.3,0.9
1,90,386,174,-46,-10,-0.1,0.9,1.4,30.2,0.7,1.2,2.1,0.7,1.4,-24.5,-13.1,-0.1,-1,-0.4,-0.1,0.6,0.6,0.6,-5.6,0.6,-0.5,-0.1,0.3,6.1,0.9,4,0.3,1.9,0.3,0.8,1.3
1,71,325,135,26,53,0,-0.5,0.9,13.3,0.1,0.9,2.3,1,1.3,0,7.5,0,-0.3,-0.1,-0.6,-0.2,0.1,1,13.2,0.2,-0.8,-0.6,0.2,4.3,0.6,7.9,0,5.3,-0.2,0.4,2.5
1,75,339,141,60,56,0,0.4,0.6,5.3,-0.3,1,1.1,0.7,0.6,2.1,4.5,0.2,-0.6,0.1,-0.3,0.2,-0.2,0.8,7.7,1,-0.6,0.1,0.3,2.7,0.3,2.2,-0.2,1.4,0,0.4,1.2
1,77,378,206,56,46,-0.1,0.8,2.2,31.5,0,0.6,2.5,0.1,0.3,9.3,11.6,0.1,-0.7,0.2,0.5,0.9,-0.4,0.3,27.2,0.2,0.1,0.7,0.8,4.7,0.9,4.2,0,2.8,0.1,0.5,2.6
1,87,372,150,-1,17,0.4,1.2,0.7,18,0.6,1.2,1.2,0.4,0.7,-9,-4,0,-1.2,-0.5,0.6,-0.3,0.7,0.7,4.3,0.2,0.2,-0.2,0.2,3.6,0.5,2.9,0,2.4,0.1,0.7,1.4
10,95,340,139,39,48,-0.8,0.7,0.9,19.5,-0.1,1.3,1.8,0.8,0.9,2.7,8.4,0.5,-0.9,-0.6,-0.2,-0.1,0.1,1,16.3,1.5,-0.7,-0.4,-0.4,4.5,0.7,2.8,-0.7,2.2,-0.6,0.8,1.7
1,74,386,150,29,39,0.2,0.7,0.7,16.4,0.5,0.8,1.2,0.3,0.6,-0.8,3.5,-0.1,-0.5,-0.7,-0.1,0.2,0.9,0.4,10.2,0.1,-0.6,0.4,0.7,3.2,0.8,2.2,0.1,1.5,0.2,0.5,1
1,99,393,150,-5,2,-0.5,1,0.8,47.5,0,1.3,1.1,0.7,0.3,-32.4,-30.5,0.2,-0.9,-0.6,0.4,0.5,0.6,0.8,4.4,0.9,-0.5,0.2,0.4,5.2,0.7,2.3,-0.4,0.6,-0.5,0.6,0.3
1,89,347,175,84,80,0,0.3,0.8,7.8,-0.4,0.5,3.4,0.3,2.6,20.5,38.7,-0.1,0,0.1,0,-0.9,-0.1,0,48.9,0.5,-0.5,0.1,0.5,4.4,0.6,5.8,0.1,3.1,0,0.4,2
1,83,418,134,48,47,-0.2,1.1,0.7,18.1,0.1,1.4,0.8,0.4,0.4,8.4,9.8,0,-1.1,-0.6,0.8,0.5,0.2,0.8,17,0.6,-0.5,0.4,1.1,2.4,1.2,1.3,-0.7,0.4,-1,1,0.6
1,78,350,147,66,54,0.4,0.4,1.3,19,-0.1,1.3,1.3,0.9,-0.2,11.8,10.8,-0.1,-0.7,0.2,-0.3,0.6,-0.4,1,21.4,0.4,0,0,0,4.7,0.6,2.7,0,1.8,0,0.7,1.2
1,100,380,179,82,53,0.1,0.5,2,15.9,0,0.7,2.4,0.2,0.4,24.7,27.5,-1.2,0.4,2.6,-0.6,2,-1.4,0.7,37.5,0.1,-0.3,-0.7,-0.7,6.3,-0.1,5,-0.2,4.4,-0.2,-0.1,3.1
10,80,362,156,59,50,0,0.7,1.9,20.5,-0.7,1.8,2.7,1.3,0.8,6.5,11.1,0.6,-1.2,0.1,-0.5,0.6,-0.5,1.5,21.9,0.9,-0.8,-0.4,0.1,4.1,0.4,4.6,-0.1,3.3,-0.2,0.6,2.9
1,87,352,160,81,73,-0.3,0.5,1.2,13.3,0.1,1.2,2.2,1,1.2,33.1,40.3,0,-0.7,-0.4,-0.3,0.5,0.4,1.1,51.9,0.5,-0.3,-0.6,-0.7,7,0.9,4,-0.5,2.2,-0.1,0.8,1.3
1,79,398,172,58,56,0.4,1.1,1.7,29.3,0.1,1.3,2.9,-0.5,1.2,16.6,25.4,-0.1,-1.1,0.1,0.7,0.4,0,0.8,44.2,0.7,0.3,0.9,1.3,6.2,1.2,5.5,-0.6,4.5,-0.8,0.8,3.2
10,102,357,135,55,76,0,0.8,0.6,7.1,0.1,1.3,2.4,0.7,1.8,3,15.2,0.7,-1.2,-0.6,0.6,-1.1,-0.1,0.7,17.1,2.2,0.3,-0.1,-0.2,0.8,0.6,0.8,-0.2,1.4,-0.2,0.6,1.2
1,80,364,134,60,55,0.9,0.2,0.9,18.3,0.8,1.1,1,1,0.1,11.8,12.5,-1,-0.6,0.1,-0.5,0.4,0.7,1,28,0.1,-0.8,-0.5,0.3,1.8,1.3,0.8,-0.4,0.9,-0.1,1.3,1
1,85,355,151,36,36,-0.1,0.8,1.3,20.9,0,1.3,1.4,0.7,0.2,-0.2,1,-0.5,-1.1,0,-0.3,0.6,0.5,1.2,16.7,0.5,-1,0.1,0.1,5.2,0.6,2.5,0.1,1.8,0.2,0.6,1.5
1,81,337,152,71,63,-0.1,0.7,1.5,20.9,-0.2,1,1.8,0.3,0.4,25.6,28.7,0.1,-0.7,-0.3,0.1,0.7,0,0.6,45.3,1,-0.3,-0.7,-0.5,5.3,0.7,2.7,0,2.1,0,0.5,1.8
5,85,237,150,88,52,0.7,1.5,1.1,10.6,0,1.7,1.7,-0.1,-0.8,8.7,-1.5,-0.4,-1.6,0.7,0.8,-0.7,-0.4,1,20.6,-1,-1.9,0.8,2,1.2,1.4,1.7,0.1,0.7,0.5,1.3,0.7
1,95,383,163,-18,16,0.2,0.8,1.5,31.2,0.1,0.5,2.3,0.3,0.9,-13.8,-6.5,-0.1,-0.5,0,0.6,0.3,0.1,0.4,5.7,0.7,0.1,0.2,0.6,4.5,0.6,3.1,-0.3,2.3,-0.1,0.4,1.7
1,82,362,156,61,48,0.4,0.8,2.4,32.4,0,1.5,2.1,0.6,-0.5,18,15.2,0,-1.1,0.1,-0.1,1.3,-0.1,1,36.5,0.4,-0.4,0.4,0.6,3.4,0.8,2.6,0.2,2.4,0.2,0.6,2.3
10,97,339,163,7,44,0,0.6,2,19.6,0.5,1.1,3.2,0.6,1.3,-3.6,6.5,0,-0.8,-0.2,-0.1,0.4,0.1,0.8,16.4,0.1,0,0,0,7.1,0,6.1,0,4.3,0.1,0,3
10,92,387,175,-2,8,0.1,0.5,2.7,29.4,0.7,0.2,1.9,-0.4,-0.8,-3.4,-10.1,-0.5,-0.5,-0.1,0.6,1.7,0.5,0.1,3.6,0.7,-0.6,0.8,1,6.8,0.7,3.8,0.1,3,0,0.4,2.1
10,102,379,167,91,69,0,0.6,2,15.7,-0.1,1.3,2.4,0.7,0.4,28.1,30.3,0,-0.9,0,-0.1,0.8,0,0.9,30,0.7,-0.6,0.3,1,9.5,1,4.2,-0.4,2.4,-0.3,0.6,1.4
1,86,369,157,23,15,-0.5,0.8,2.4,38.1,-0.4,1.5,1.6,0.7,-0.8,-1.3,-7,0.3,-1.2,-0.1,-0.1,1.6,-0.3,1,9.1,0.5,-0.8,0.1,0.5,4.4,0.8,2.6,-0.4,1.9,-0.3,0.7,1.8
1,80,375,153,60,50,0.2,0.7,1.2,14,0,0.6,1.7,0.1,0.6,4,7.2,0.2,-0.5,0,0.4,0.6,-0.2,0.3,9.9,0.1,0,0,0,1.7,0.5,1.7,-0.2,1.9,-0.1,0.4,1.9
10,85,323,143,72,50,0,0.3,1.6,13.2,-0.4,1.5,1.4,1.1,0.2,8.8,10.1,0.2,-1,0.1,-0.4,1.1,-0.5,1.5,15.7,0.1,0.2,0.4,0.7,0.6,0.9,1,-0.6,1.3,-0.6,0.9,1.3
1,85,385,172,78,74,0,0.6,0.8,8,0,1.5,2.4,0.8,1.6,14.4,27.8,-0.1,-1.1,0.1,-0.1,-0.3,0,1.1,22.3,0.6,-0.8,0.7,0.6,1.5,0.7,2,0.1,2.2,0.1,0.7,2
1,111,347,235,24,21,0.4,0.7,2.1,27.9,0.1,0.7,1.7,0.4,-0.5,-2.3,-5.7,-0.1,-0.5,0.1,-0.2,1.2,0,0.4,9,-0.1,-0.7,-0.8,-1,9.9,0.2,7,0.1,4.1,0,0.1,2.4
1,89,357,172,-50,-4,0.2,0.6,2.4,25.2,0.2,0.7,2.1,0.1,-0.3,-12.8,-15.2,-0.2,-0.8,0,0.3,1.3,0.1,0.5,0.1,0.5,0.2,0.3,0.5,5.4,0.7,3.9,0.4,2.9,0.1,0.6,2.2
6,63,396,139,49,31,-0.2,0.5,2,21.5,-0.5,1,1.4,0.6,-0.6,4.4,1.2,0.2,-0.6,0,-0.1,1.2,-0.3,0.7,8.5,0.6,-0.6,0.1,0.3,3.3,0.6,1.8,0,2.1,-0.1,0.4,1.5
16,70,413,158,70,58,-0.2,0.5,1.6,20.4,-0.2,0.8,1.9,0.3,0.5,16.2,19.7,0.3,-0.5,-0.1,0.1,0.8,0,0.6,28.5,0.4,0.5,0.4,0.3,3.4,0.3,3.1,0,3,0.2,0.4,2.2
1,92,370,180,25,25,0.3,0.8,2.2,30.9,0,0.7,2.1,-0.5,-0.3,-2,-4.2,0.1,-0.6,-0.5,0.6,1.2,0.2,0.3,13.8,0.1,0,0,0,5.2,0.7,4.1,-0.1,3.7,-0.1,0.7,2.8
1,75,357,143,50,38,-0.3,0.8,1.6,28.7,-0.8,1.2,1.2,0.6,-0.8,9.5,3.1,0.2,-1,0.1,-0.1,1,-0.5,0.8,21.8,0.5,-0.8,-0.4,0,1.1,0.6,0.6,-1,1.3,-0.9,0.7,1.4
2,93,383,140,94,82,-0.3,0.9,0.7,1.3,-0.6,1.7,0.7,0.8,-0.7,21,15,0.1,-0.9,0,-0.3,0.3,-0.1,1.1,25.9,0.4,0.4,0.3,0.6,1.3,0.8,0.5,-0.9,0.6,-0.7,0.8,0.5
1,83,393,169,40,38,1,0.7,1.7,65.7,0.1,0.7,1.8,0.6,0,9.1,9.1,-0.4,-0.8,0.6,0.6,0.9,-0.1,0.5,31.3,-0.9,-0.3,-0.1,-0.2,3.8,0.5,2.3,-0.1,1.9,-0.1,0.4,1.3
1,84,383,181,-14,16,-0.4,0.3,1.1,29.9,-0.1,0.6,1.6,0.4,0.6,-10.6,-4.8,0,-0.8,-0.1,0.7,-0.1,0.1,0.4,5.7,0.1,-0.8,0.1,0.4,2.4,0.6,1.9,0,1.6,-0.1,0.3,1.5
1,91,378,169,65,55,0,0.7,2,27.6,-0.1,1.2,2.8,0.5,0.8,12.8,19.3,0,-0.9,0.1,-0.2,0.8,0,0.9,32.9,0.7,-0.7,-0.5,-0.4,4,-0.4,4.7,-0.5,3.5,-0.3,-0.2,2.8
1,81,337,131,-1,-1,-0.2,0.9,1.1,48.8,-0.1,1,0.8,0.5,-0.4,-15.2,-17.5,0.4,-1.1,-0.2,0.5,0.7,-0.4,0.9,-5,1,-0.8,-0.3,0.3,2.4,0.6,0.3,-0.4,0.2,-0.4,0.7,0.1
1,113,414,193,50,58,0,1.2,1.5,30.3,0.5,1.4,3.3,0.9,1.9,8.4,26.6,-0.2,-1,-0.1,-0.3,-0.3,0.4,0.8,44.9,0.5,-0.4,0.3,0.5,5.7,1.4,5.9,-0.2,4.6,-0.2,1,3.2
1,92,336,165,11,35,0,0.8,1.9,21.3,0.2,1.1,2.7,0.5,0.8,-2.4,3.2,0,-0.8,0,0.3,0.5,0.1,0.6,15,-0.2,-0.6,-0.2,0.7,6.9,0,4.8,0.2,3.1,0.1,0,2.1
1,81,347,154,67,63,0.1,0.5,1.3,21.7,0.1,1.1,2.5,0.6,1.1,20.4,28.7,-0.1,-0.8,0.1,-0.1,0.2,-0.3,0.8,36.8,0.4,0.3,0.4,0.7,0.9,0.6,1.8,-0.2,2.2,-0.4,0.5,2.1
1,74,377,116,56,56,-0.4,0.4,0.4,14,-0.1,0.8,0.8,0.4,0.3,9.2,10.7,0.1,-0.6,-0.1,-0.1,0,0,0.6,17.3,0.5,0,0,0,2.8,0.5,1.2,-0.5,1.1,-0.1,0.5,0.6
1,78,356,164,-51,0,0,0.5,1.2,14.4,0.1,0.2,2,-0.7,0.8,-11.1,-6.5,0.1,-0.4,-0.1,0.5,0.4,0,0.3,-2.5,0.2,-0.7,0.1,0.2,6.5,0.4,6.7,0,4.2,-0.1,0.4,2.6
1,80,342,243,-7,27,-0.4,0.9,2.8,42.4,-0.4,2.1,4.2,1.4,1.3,-11.7,-3.4,0.7,-1.4,-0.2,-0.5,0.7,-0.2,1.7,18.2,1.1,-1.1,0.2,0.6,8.3,1,7.1,-0.2,5.6,-0.4,1.3,4.3
5,82,347,164,51,44,-0.1,1,1.1,18.1,-0.1,1.1,1.3,0.8,0.4,2.6,4.7,0.1,-0.9,0.1,0.4,0.7,-0.1,0.5,15.3,0.1,-0.4,0.3,0.4,2.2,0.7,1.8,-0.6,1.2,-0.7,0.7,0.8
4,95,331,141,11,37,-0.9,1.1,-0.7,15.7,-0.2,1.1,1.1,0.4,1.3,-7.3,1.5,0.2,-0.9,-0.4,-0.1,-0.5,0.1,0.8,11.7,1.6,0,0,0,5.9,0.8,3,-0.1,0.8,-0.4,0.6,0.3
1,106,380,147,-2,14,-1,0.8,0.4,24.6,-0.9,0.9,1.2,0.2,0.9,-14.2,-7.8,0.9,-0.6,-0.6,0.3,-0.4,-0.5,0.4,5.9,0.7,-0.4,0.2,0.5,0.3,0.4,0.4,-0.3,0.6,-0.4,0.5,0.8
1,95,358,166,-50,-29,-0.1,0.5,0.9,22.7,0.4,1.4,1.4,1.3,0.5,-26.6,-23.6,0.2,-0.9,-0.4,-0.7,0.2,0.1,1.3,-9.5,0.9,-0.8,-0.6,-0.4,7.2,0.5,2.6,-0.1,1.1,-0.2,0.6,0.8
1,100,377,152,28,52,0,0.4,1.2,22,0.1,1,3.2,0.7,2,-0.7,13.7,0,-0.7,-0.1,-0.2,-0.4,0.1,0.8,23.2,1.2,0.3,0.3,0.5,10.1,0.6,6.5,0.1,4.5,-0.2,0.6,3.3
10,90,378,144,29,39,-0.3,0.5,0.6,25.8,0.1,0.4,1.5,0.1,0.9,0.2,5.9,0,-0.5,-0.2,0.5,-0.1,0.2,0.2,20.6,0.7,-0.5,0.2,0.4,1.9,0.4,1.4,-0.5,1.3,-0.2,0.3,1.1
15,88,380,138,79,76,-0.1,0.3,0.5,7.7,-1.3,-0.6,1.5,-0.7,1.1,15,20.7,1.4,0.2,0,0.2,-0.4,-1.3,-0.4,23.8,1.2,-0.8,0.6,0.8,-0.9,-2.6,1.7,0.1,2.3,-0.2,-0.2,2
6,71,409,139,-5,2,-0.1,0.9,1.6,27.6,-0.5,0.6,1.2,-0.4,-0.4,-9,-11.2,1,-0.2,-0.2,0.4,0.8,-0.6,-0.4,0.1,0.4,0.1,0.6,0.6,1.1,0.5,0.3,-0.5,0.7,-0.4,0.3,1.1
1,78,351,152,72,62,0,0.6,1.3,18.7,0,1.1,1.4,0.7,-0.7,22.8,19.8,0.1,-0.7,0,-0.3,0.7,0,0.8,35.9,0.8,-0.7,-0.5,-0.6,4.2,0.3,1.7,-0.4,1.7,-0.1,0.5,1.5
1,77,345,144,66,49,0,0.7,2,19.8,-0.2,0.7,1.6,-0.4,-0.4,11.4,9.2,0.1,0.3,0,-0.4,1.3,-0.1,0.3,24.5,0,0.1,0.1,0.3,3.1,-0.3,1.8,-0.3,2.1,-0.3,-0.3,1.9
1,87,394,166,-11,-2,-0.5,0.9,1.8,44.3,0.1,1.2,1.7,0.4,-0.2,-22.7,-23.6,0,-1,-0.4,0.4,1,0.1,0.7,-1.6,1.3,0.2,0.3,0.9,7.2,0.8,4.3,-0.5,2.9,-0.6,0.6,2
2,79,266,198,-2,-6,-0.5,0.5,-0.5,18.8,-0.4,0.7,-0.4,0.3,0.2,-14.5,-12.8,0.3,-0.5,0,0.3,-0.3,-0.3,0.4,-3,0.4,-0.6,-0.2,0.1,0.1,0.2,-0.5,-0.7,-0.5,-0.6,0.3,-0.6
1,85,415,172,80,60,0,1,1.4,12.5,0.1,1.4,0.5,0.9,-1.1,24.7,16.6,-0.1,-1.1,-0.1,-0.2,1.2,0.2,1.1,23.6,0.4,-0.9,0.5,0.8,2.8,1,1.8,-0.6,1.6,-0.4,0.7,1.2
16,91,364,191,20,49,0,0.6,1.4,35.4,0.1,1.1,3.4,0.7,2.1,-2.4,16,-0.1,-0.8,-0.1,-0.2,-0.4,0.2,0.9,31.5,1.4,-0.3,-0.4,-0.5,5.6,0.4,4.5,0,2.8,0,0.4,2.1
1,92,439,167,20,40,-0.7,0.9,-1,7.8,-0.3,0.6,0.7,-1,0.7,-3.9,0.1,0.2,-0.9,0.1,0.6,-0.1,0,0.7,11.4,1.3,-0.7,0.1,0.4,1,0.2,0.9,-0.7,0.4,-0.7,0.4,0.4
4,98,304,130,43,17,-0.1,0.5,0.3,12.2,-0.4,0.9,-0.9,0.4,-1.2,3.2,-4.4,0.1,-0.7,0,-0.1,0.7,-0.2,0.6,4.8,0.5,0,0,0,4.2,0.6,1.5,-0.4,-0.3,-0.5,0.7,-1
2,68,347,164,-32,-42,-0.9,1.2,-1.4,7.9,0,1.5,-0.3,0.5,1.3,-19.8,-8.4,0.1,-1.4,-0.4,0.7,-1.3,0.3,1.1,-7.1,0.8,0,0,0,0.4,0.5,0.5,0,0.3,-0.1,0.7,0.3
4,84,340,231,-40,74,-0.5,0.8,-0.6,-0.2,0.1,1.1,0.8,0.4,1.1,-8.9,4.9,-0.1,-0.9,-0.1,-0.1,-0.9,0.3,0.6,1.9,-0.1,-1,0.4,1,-1.5,0.8,0.6,0.1,0.5,0.8,0.5,0.4
2,92,367,122,76,59,0.4,0.4,0.9,10.6,0.3,1.5,0.2,1,-0.7,14.4,9.7,-0.1,-1,0.1,-0.3,0.8,0.1,1.3,16,0.6,0.1,0.3,0.6,1.1,0.7,0.5,0,0.6,-0.2,0.8,0.7
2,110,426,198,62,75,-1.2,0.5,-0.9,1.5,-0.4,0.6,0.4,0.1,0.6,3.8,6.2,0.6,-0.8,-0.5,0.2,-0.8,-0.1,0.6,11.1,0.8,0.5,0.3,0.4,0.8,0.3,0.9,-0.5,0.5,-0.5,0.5,0.5
14,108,406,218,24,11,-1,0.8,-0.6,21.5,-0.6,1.2,-0.6,0.5,-0.5,-1.9,-6.4,0.7,-0.9,-0.6,0.2,0.4,-0.2,0.9,5.6,1,-1,-0.7,0.8,5,0.2,2.8,-2.2,-1.9,-2.4,0.6,-2.4
9,153,421,253,-20,3,-2.4,0.5,-2.7,26.6,-0.3,0.8,0.5,-0.1,2.8,-38.1,-3.4,1.6,-0.3,-2,0.3,-3,0.6,0.1,-10.7,3.8,-0.5,-0.2,-0.3,6.2,0.4,3.3,-0.4,0.5,-1,0.2,-1
1,73,349,154,-58,-7,-0.1,0.5,2,24.6,-0.3,0.5,2.5,-0.5,0.5,-16,-12,-0.2,0.1,0,-0.1,0.8,0.1,-0.1,-3.2,0.9,0.3,0.5,0.6,4.4,-0.1,4.2,0.1,3.3,0,-0.1,2.2
1,81,354,127,76,67,-0.3,0.4,0.8,11.6,0,1.1,0.8,1,-0.1,18.4,17.9,0,-0.6,-0.3,-0.4,0.4,0.4,1.1,26.4,0.9,0,0,0,3.7,0.5,1.7,0.1,1.2,0.1,0.7,0.7
2,87,392,137,-22,-10,-0.6,0.9,0.5,36.3,0.1,1,0.9,0.4,0.6,-23.2,-19.6,0.1,-1,-0.6,0.6,0.3,0.2,0.7,-3.7,0.7,-0.6,0.3,0.3,2.2,0.7,-0.9,-1.2,-0.6,-0.9,0.8,0.9
2,87,347,207,47,19,-0.1,0.3,0.8,28,-0.6,-0.4,-1.2,-0.5,-0.9,8.7,-2.2,0.5,-0.6,0.1,0.2,0.5,-0.4,0.4,7.5,0.6,0.1,0.2,0.3,0.9,0.6,-0.6,-0.9,-0.9,-0.9,0.5,-0.8
1,95,394,149,34,27,0.1,0.9,1.6,26.9,0,1.1,1.4,0.6,-0.6,1.7,-1,-0.1,-0.9,-0.1,-0.1,0.9,0,0.8,12.1,1,-0.8,-0.5,-0.2,4.7,0.5,2.5,0.1,2,-0.2,0.5,1.9
1,73,332,190,73,59,-0.1,0.8,1.3,12.5,-0.5,0.8,2,0.5,0.6,6.4,9.6,0.3,-0.5,0.1,-0.2,0.3,-0.5,0.6,14.1,0.6,0.1,0.1,0.3,3.4,0.6,3.1,-0.4,2,-0.4,0.5,1.5
1,95,377,171,91,81,0,0.4,1.2,8.9,-0.5,1.1,2.3,0.7,1.1,41,49.5,0.2,-0.7,0.1,-0.2,0.5,-0.4,0.9,49.9,0.1,0.2,0.1,0.2,4.5,0.4,4.9,-0.3,3.1,-0.2,0.6,2.3
16,100,413,147,-12,0,-0.4,0.5,1.5,19.7,-0.3,0.9,1.4,0.4,-0.7,-13.6,-17.2,0.4,-0.6,-0.3,0.1,0.9,-0.2,0.6,0.6,0.9,-0.6,0.2,0.4,4.8,0.7,3.8,-0.7,2.8,-0.4,0.5,1.7
16,96,356,171,102,-10,1.1,1.2,3.1,14.9,-0.2,3.4,-3.9,2.1,-7,45.3,-13.5,-0.4,-2.3,1.3,-0.4,5.1,-0.9,2.7,-4,0,-3.5,-1.4,2.5,7.5,2.8,0.7,-0.1,-1.5,-0.4,2.4,-1.8
1,97,390,169,33,33,-0.5,0.5,2.2,63.9,0.1,-0.7,2.2,-1,0.3,4.7,5.8,0,0.1,0,0.6,1,0,-0.7,32.5,0.8,-0.8,-0.9,-0.9,3.9,0.6,1.5,-0.3,0.8,-0.1,0.8,1.5
2,76,396,155,-1,2,-0.4,0.8,0.4,17.3,-0.2,0.7,0.6,0.2,0.2,-7.5,-6.3,0.4,-0.3,-0.4,0.5,-0.1,0,-0.5,-0.4,0.1,-0.3,0.2,0.3,0.3,0.3,0.2,-0.4,0.3,-0.6,0.3,0.4
1,62,376,136,4,15,-0.2,1,0.9,27.3,0,0.6,1.2,-0.5,0.6,-9.8,-6.5,0.2,-0.8,-0.1,0.7,0.3,0.2,0.2,5.7,0.1,0.4,0.8,0.9,2.8,0.5,1.5,-0.4,1.4,0,0.4,1.1
1,86,310,220,-6,-21,-1.4,0.9,-1.7,22.3,-0.6,0.9,-1.4,-0.5,0.7,-26.4,-16.2,0.9,-0.9,-1.2,0.6,-1,0.2,0.6,-3.3,1.5,0.1,0.2,0.3,0.8,0.4,-0.4,-0.4,-0.3,-0.2,0.4,-0.3
1,71,367,168,44,38,-0.3,0.6,2.6,36.1,0.1,0.6,2.8,0.2,0.2,3,4.2,0,-0.6,-0.2,0.3,1.1,0.2,0.4,24.3,0.1,-0.4,0.1,0.2,4.2,0.3,3.3,0.1,4.1,0.1,0.3,3.5
3,99,349,245,94,96,0.1,-0.2,-0.8,-8.1,-0.4,-0.2,2.9,0.2,3.7,38.2,60.4,0.1,-0.4,0.4,0.2,-2.2,-0.5,0.4,60.7,1.9,0.3,0.8,0.9,6.3,1.1,4.1,1,2.2,-0.2,0.8,1.2
1,68,391,147,81,74,-0.4,0.6,1.3,14.8,0,1.3,2.4,0.7,1.1,30.6,36.1,-0.1,-0.7,0,-0.2,0.3,0.1,0.8,49.7,0.5,0,0,0,5,0.4,3.9,-0.3,2.9,-0.1,0.4,2.3
1,90,355,150,-15,11,-0.3,0.5,1.7,25.5,0.3,0.9,2,0.5,0.3,-10.9,-8.5,0,-0.7,-0.6,-0.1,0.7,0.5,0.7,5,0.1,0,0,0,3.9,0.4,3.8,0,3,-0.1,0.4,2.3
9,146,438,283,16,29,-1,0.5,-1.4,27.8,-0.8,-0.6,-1.2,-0.6,0.7,-13,-3.1,1,-0.4,-0.7,0.4,-1,-0.6,-0.6,24.8,3,-0.3,-0.2,-0.3,8.7,0.3,4.8,-0.9,2.3,-1.8,0.1,-1.6
1,86,374,167,66,54,-0.6,1.5,2.4,39.8,-1.3,1.5,2.3,0.2,-1,27.8,20.4,0.4,-0.8,0.1,0.5,1.3,-0.5,0.4,59.4,1.3,-0.7,0.2,0.5,6.6,0.6,4.7,-1.3,3.1,-1.4,0.5,2.5
10,80,368,184,73,81,-0.3,0.6,0.3,9.3,-1,1.1,4,0.7,3.6,18.3,50.7,1,-0.8,0.1,-0.1,-1.7,-0.9,0.9,55,0.9,-0.5,0.3,0.4,0.6,0.7,3,-0.7,3.6,-0.4,0.6,2.8
10,90,349,209,80,87,0.2,0.9,0.4,6.4,0.1,1.6,6.7,0.7,6.4,9.8,76.3,0,-1.3,0,0.2,-3,0,1.2,69.1,-1.2,1,1.2,1.4,5.3,1,5.7,-0.1,4.7,0,0.6,4.2
1,93,321,172,111,80,0.6,0.6,1.1,5.3,0.5,1.6,3.2,1.2,2.2,6.9,24,-0.5,-1.1,0,-0.6,-0.7,0.3,1.6,25.9,0,0.1,0.2,0.3,5.3,0.6,5.3,1,3.4,0.1,0.7,2.1
2,91,410,198,16,16,-0.5,1.1,-0.2,8,-0.3,0.6,0,-0.6,0,-2.1,-2.1,0.4,-0.8,-0.2,0.8,0,-0.1,0.2,2.4,1.2,0.2,0.9,1.1,8.9,1,4,-0.6,-0.8,-0.7,0.4,-1.4
2,111,339,200,86,69,0.9,0.6,1.7,19.3,-0.7,1.7,-1.8,1.5,-1.8,52.2,33.9,-0.1,-1.1,0.9,-0.8,1.5,-0.9,1.5,49.2,1.8,-0.1,-0.1,-0.3,6.2,1,2.8,-0.8,2.2,-0.7,0.8,1.5
4,89,329,163,35,-8,-0.5,0.8,0.8,9.1,0.2,1.5,-0.5,0.9,-1.2,2.2,-4.7,0.1,-1,-0.2,-0.1,1,0,1.1,-0.8,-0.4,-0.5,-0.3,-0.6,5.8,0.5,2.6,-0.4,0.5,0.1,0.9,-0.5
1,79,360,140,3,21,0.6,0.8,2,26.6,0.5,0.6,2.2,-0.3,0.3,-5.8,-3.8,-0.5,-0.7,0.1,0.5,0.9,0.1,0.2,10.3,0.1,0.2,0.5,0.5,3.1,0.5,2.6,0.1,2.3,0.1,0.1,2.2
2,77,465,147,53,84,-0.1,0.4,-1.4,0.8,-0.4,1.1,-0.7,0.7,1,8.5,14.5,0.1,-0.8,0.3,-0.2,-1,-0.5,0.9,18.1,0.9,-0.6,-0.4,-0.3,1.1,0.4,-1.3,-1.2,-2.1,-0.8,1,-1.7
15,73,364,144,27,1,-1,-0.2,1.6,22.8,-0.6,-0.1,0.4,0.2,-1.6,-0.2,-12,0.6,0,-0.3,0,1.9,-0.3,0,-2.5,0.5,0.1,0.1,0.1,1.1,0,0.5,-0.2,0.6,-0.4,0,0.9
3,92,321,196,54,83,0.8,1,0,2.7,0.5,1.4,1,0.5,1.1,1.4,8.2,-0.4,-1.2,0.4,0.8,-0.8,0.2,1,8.4,0.4,-0.6,-0.9,0.5,2.5,0.8,2.8,2.1,1.6,0.9,0.8,-0.2
16,98,359,149,79,85,-0.2,0,-0.4,0.9,-0.6,0,-0.6,0,-0.3,21.6,19.3,0.5,0,0.1,0,-0.1,-0.5,0,17.7,0.7,0.1,0.1,0.7,3,0.2,2.2,-1,0.5,-0.9,0.3,0.3
1,78,342,125,25,49,-0.4,0.4,0.8,12.2,-0.1,0.8,1.8,0.4,1,-0.5,5.9,0.4,-0.6,-0.2,0,-0.2,-0.1,0.6,11.5,0,-0.1,0,0.4,0.8,0.6,1.2,-0.2,1.4,0.1,0.5,1.4
1,87,356,202,-25,-6,-0.1,0.8,2.1,27.2,0,1.1,1.6,0.5,-0.7,-14.2,-19.1,0,-0.9,0.1,-0.3,1.2,-0.1,1,-1.7,0.5,-0.9,-0.5,-0.3,4.9,0.3,3.6,0.1,2.8,0.1,0.5,2.3
6,98,372,161,72,59,0.1,0.3,1.8,21.3,0.4,0.4,2.1,0.1,0.4,13.9,16.7,-0.2,-0.6,0,0.1,0.8,0,0.5,34.4,0.2,0,0,0,7.2,0.4,7,-0.3,4,-0.1,0.5,2.7
1,84,358,166,35,49,0,0.5,1.3,20.7,0.2,1,2.7,0.6,1.4,1.4,11.7,-0.1,-0.8,-0.1,-0.2,-0.1,0.3,0.8,20.2,-0.1,0.1,0.3,0.8,5.6,1,4.7,-1.1,3.6,0,0.8,3
10,82,376,150,76,70,-0.1,0.6,0.6,6.6,-0.4,0.7,1.6,0.5,0.9,9.6,14.8,0.4,-0.4,0,-0.1,-0.1,-0.4,0.5,17.8,0.4,0,0,0,4.2,0.3,2.9,-0.6,1.9,-0.4,0.3,1.7
3,90,351,262,62,57,-0.4,0.7,0.6,13.3,-0.1,1.9,0.5,1.3,0.2,8.7,11.7,-0.1,-1.3,0.1,-0.4,-0.2,-0.2,1.6,16.2,0.1,-0.8,-0.3,0.2,2,0.8,0.8,-0.1,0.8,-0.1,0.8,0.9
1,85,379,182,60,32,0.1,0.7,1.6,18.6,0.1,1.2,1.3,0.6,-0.6,4.2,-0.3,0,-0.9,-0.4,0.3,1.1,0.4,0.9,14.9,0.8,0.1,0.4,0.8,7.2,0.7,3.5,0.1,2,0.2,0.6,1.6
16,71,356,131,14,13,0.3,1,1.4,32.3,-0.4,1,1.2,0.4,-0.9,-7.5,-13.6,0,-1,0,0.5,0.8,-0.1,0.9,8.8,1.1,0.3,0.2,0.6,3.6,1,2,0.1,1.5,-0.2,0.8,1.2
1,84,363,184,2,4,-0.1,1,3,41.8,0,0.5,1.9,-0.5,-1.1,-9.8,-18.8,0.2,-0.6,-0.1,0.7,2.1,-0.1,-0.1,3.4,0.5,0.6,1.1,1.1,7.1,0.6,3.4,-0.2,2.7,-0.2,0.3,1.7
1,85,377,151,65,65,-0.3,0.3,0.8,17.9,0.3,0.6,1.5,0.2,0.7,26.6,31.5,0,0.1,0.1,0.1,-0.2,-0.1,-0.1,44.1,0.6,0.3,0.3,0.5,6,0.4,4.3,-0.1,2.8,0.2,0.3,2.1
1,77,330,140,33,36,0,1,0.7,25.5,-0.1,1.4,0.8,0.8,0.4,0.2,3.4,0.2,-1.4,-0.6,0.6,0.5,0.4,1.2,14.5,0.9,-1.3,-0.9,0.2,1,0.6,0.4,-0.2,0.6,0,0.7,0.8
4,93,358,149,17,38,-0.8,1,-1,16.2,-0.1,1.5,0.4,0.8,1.1,-3.1,3.9,0.4,-1,-0.6,-0.1,-1,0.2,1.1,9.7,1.3,-0.8,-0.4,-0.3,0.8,0.9,-0.5,-1.2,-0.5,-0.7,0.9,-0.4
1,74,370,163,66,61,0.1,0.6,1.9,23.7,0,1.3,3.8,0.7,1.9,11.1,27,0,-0.8,0.4,0,0.1,0,0.8,38.3,0.5,-0.4,0,0.2,5,0.6,5.1,-0.2,3.1,-0.1,0.4,2.2
1,89,400,121,62,65,-0.9,0.3,-0.7,22.6,-0.4,1,0.6,0.7,0.6,29.1,32.4,0.5,-0.6,-0.4,-0.2,-0.4,-0.1,0.8,44.5,1.4,-0.6,-0.3,0.1,5,0.6,1.6,-0.9,0.6,-0.7,0.5,0.5
1,89,412,198,78,73,-0.3,0.7,1.6,25.2,0.1,1.5,3.5,0.9,1.9,45.4,59,0.1,-1.1,-0.5,0.7,-0.5,0.1,1.3,62.8,1.1,-1.2,0.1,0.5,7.9,1,4.9,0.1,3.9,0,0.9,3.1
2,103,350,249,1,49,-1.4,0.6,-1.5,8.2,-0.2,1,-0.6,0.3,1.4,-9.3,8,0.8,-0.7,-1.2,0.3,-1.3,0.1,0.6,8.7,1.4,-0.8,-0.6,-0.6,-1,0.2,-3.1,-2.2,-3.1,-1.4,0.9,-1.4
1,85,335,156,76,66,0.1,0.4,1.5,14.5,0,1.4,2.3,1.1,0.8,21.2,26.1,-0.1,-0.9,0,-0.4,0.5,0,1.2,34.4,0.6,-0.4,-0.7,-0.7,7.4,0.4,5.4,0.1,3,0,0.3,1.7
2,88,389,144,70,101,-0.7,0.5,-0.9,-1.9,-1.3,1.5,0.5,1,1,8.3,15.5,1.1,-0.8,0,-0.3,-1.1,-0.8,1.1,14.2,1.3,-1.3,-0.7,-0.9,-3,0.5,-2.4,-0.9,-1.2,-1,0.6,-0.9
1,81,352,154,23,20,-0.5,0.9,-0.5,25,0,1.4,-1.2,0.6,-0.7,-3.3,-7.7,-0.2,-1.2,0,-0.2,0.3,0.4,1.1,11.6,0.2,-0.7,-0.2,0.2,3.4,0.7,2.5,0,1.4,0.4,0.7,1
1,84,356,159,40,26,-0.7,1,2.7,45.6,-1,1.7,1.6,0.8,-1.2,6,-4,0.7,-1.3,-0.1,-0.1,1.9,-0.6,1.2,22.4,0.1,0.3,0.5,1,4.5,1,1.9,-0.9,2.1,-0.6,1,2
1,96,353,170,74,65,-0.3,0.7,0.8,10.9,-0.1,1.5,1.5,1.2,0.6,10,14.8,0.4,-1.1,-0.5,-0.5,0.4,0,1.3,19.2,0,-1.1,-1,-0.4,3.4,0.3,3.5,-0.5,1.6,-0.5,0.3,0.7
1,90,297,209,2,,-1.4,1.2,-1.7,2.8,-1.5,0.8,-1.1,0.2,0.9,-8.3,1.7,1,-1,-0.7,1,-1.4,-0.2,0.4,1.3,1.8,0.3,0.2,0.3,3.1,0.3,0.6,-0.3,-0.6,-0.6,0.6,-0.8
1,98,407,181,20,12,0,0.9,2.9,42.2,0,1.2,1.8,0.4,-1,-2.2,-12.8,0.5,-1,-0.1,-0.1,1.8,-0.3,0.8,5.1,0.2,-1.2,-0.5,-0.8,1.1,0.5,1,-0.5,0.8,-0.7,0.8,1.6
15,78,322,122,70,66,0.1,0.2,0.3,5.8,-0.4,0.2,-0.4,-0.2,-0.3,9.7,8.3,0.6,0.2,-0.1,-0.1,-0.2,-0.4,-0.2,4.6,0.2,-0.7,0.4,0.4,2.6,-0.7,1.5,-0.8,0.8,-1,-0.2,0.3
1,93,353,139,55,53,-0.6,-0.1,1.8,25.1,-0.4,1.1,2.5,0.4,0.7,8.1,14.9,0.6,-0.3,-0.6,0.4,0.7,0,0.2,36.2,0.6,-0.2,-0.2,-0.2,3.3,0.9,1.6,-0.5,2.2,-0.4,0.8,2
2,80,369,224,-10,-43,-0.5,0.4,-0.6,10.4,-0.8,1.6,-1,1.1,-0.4,-10.1,-14.1,0.4,-1,-0.3,-0.3,0.3,-0.1,1.3,-12,0.9,-0.5,-0.3,-0.2,1.1,0.5,0.6,-1.1,0.2,-1,1,0.2
1,85,368,250,59,55,0.2,1,1.3,30.4,0,1.6,1.9,0.7,0.6,21,24.3,-0.3,-1.1,-0.2,0.6,0.5,0.5,1,37,1.5,-1,-0.5,-0.3,3.8,0.6,2.5,0.2,1.1,0.1,0.4,0.8
1,67,313,137,27,40,-0.2,0.4,0.7,25.9,-0.2,1.3,1.7,0.9,1.1,-0.7,6.3,0.2,-0.8,0,-0.3,-0.3,0,1,18.2,0.7,0.3,0.3,0.5,4.8,0.6,2.8,-0.6,2.2,-0.5,0.6,1.7
4,74,330,161,-19,1,-0.8,0.8,0.5,19.2,-0.1,1.3,1.1,0.4,0.5,-13.7,-9.9,0.1,-1.1,-0.5,0.4,-0.3,0.6,1,0.9,0.4,0.2,0.3,0.7,1.8,0.9,0.8,-0.2,0.5,-0.3,0.7,0.2
1,69,326,161,-21,13,0.1,0.5,1.6,16.8,0,1.7,1.6,1.2,0.1,-4.3,-3.6,-0.1,-0.9,0.2,-0.4,0.9,-0.1,1.3,0.7,0.4,-0.7,-0.6,-0.4,5.7,0.9,3.2,0,2,0.2,0.7,1.3
10,105,362,143,-38,0,0,0.5,1.5,22.1,0.1,1.2,2.3,0.8,0.8,-24.1,-19,-0.1,-0.7,-0.2,-0.3,0.5,0.6,1,1.9,0.2,-0.5,0.1,0.4,1.9,0.6,1.9,0.2,2.4,0.1,0.5,2.1
4,95,376,202,-5,-28,-0.3,-0.2,0.8,27.6,-0.6,0.8,-0.5,0.7,-1,-12.7,-24.5,0.1,-0.7,-0.3,0.9,0.7,0.2,0.6,1.8,0.8,-0.8,-0.7,0.6,7.1,1,5.2,-0.6,2,-0.2,0.7,0.2
3,87,346,251,-63,-64,-0.7,0.4,-0.7,3.9,0.4,0.9,0.6,0.6,0.8,-24.3,-14.1,0.1,-0.6,-0.8,-0.2,-0.7,0.5,0.7,-13.4,0.9,0.1,-0.4,0.3,0.6,0.5,0.4,0,0.4,-0.1,0.5,0.5
3,108,388,198,-36,-20,-1,0.7,-1.1,19.1,0.1,0.5,1.1,-0.6,2,-31.6,-14,0,0.4,-0.8,0.2,-1.4,0.7,-0.4,-4.4,1.1,0.4,0.7,0.8,2.6,0.4,0.9,0,0.6,-0.3,0.4,0.3
1,99,329,172,-48,8,-0.7,0.8,0.9,23.3,-0.3,2,2.8,1.2,1.8,-20.4,-5.7,0.7,-1,-1,-0.2,-0.9,0.3,1.1,-0.2,0.2,0.1,0.1,0.3,4.4,0.6,2.8,0.1,2,0,0.6,1.7
1,79,364,172,47,39,0,0.8,2.2,27,0.7,1.6,2.1,0.9,0.5,5.5,9.5,-0.5,-1.3,-0.1,-0.2,1.2,0.7,1.1,17.3,0.7,-0.6,-0.1,0.2,11.9,0.8,6.1,0.1,3.4,0.1,0.7,2.7
2,86,308,214,8,-38,-1.3,1,-2.1,5.2,-0.7,1.2,-1.7,0.8,0.4,-9.3,-4.9,0.9,-0.9,-0.9,-0.1,-1.1,0,0.9,-7.3,1.2,0,0,0,1.8,0.3,-1.6,-1.8,-2.7,-1.8,0.4,-3.1
3,82,373,266,87,102,0.1,0.7,-0.5,-2.8,0,0.8,0.6,0.1,1,6.2,11.8,0.1,-0.8,-0.1,0.3,-1,0,0.4,15.2,1,0.3,0.4,0.9,3.2,0.8,2.6,0.2,0.4,-0.2,0.5,-0.4
5,91,331,159,60,63,-0.5,0.9,0.8,14.7,0.3,1,0.9,0.4,0.3,9.2,10.8,0.1,-1.1,-0.9,-0.3,-0.6,0.8,0.9,18.8,0.6,0.2,0.1,0.1,1.4,0.3,0.5,-0.4,0.5,-0.2,0.5,0.4
2,93,348,229,36,49,-0.4,0.9,0.3,24.5,0.4,1.7,1.3,0.8,1.3,0.1,10.7,0.1,-1.4,-0.6,-0.5,-0.5,0.4,1.4,22.6,1.4,-1,-0.9,-1,2.6,0.6,1.5,-0.2,0.9,-0.2,1.3,0.6
1,80,348,136,-6,-4,-0.8,1.7,1.2,40.7,-1,1.7,0.7,0.4,-0.5,-25.1,-28.2,0.7,-2,-0.5,0.9,0.7,-0.2,1.5,-1.4,1,0.2,0.1,0.3,2.4,0.9,0.3,-0.5,0.4,-0.4,1,0.4
16,84,324,178,-10,34,0.2,0.6,2.4,23.4,0.2,1,3.1,0.9,0.6,-3.3,1.9,-0.4,-0.9,0.1,-0.4,0.7,0.1,1,10.8,0.2,-0.6,-0.6,-0.4,6.9,0.6,6,0.4,3.8,0.4,0.6,2.8
1,90,389,166,34,26,-0.2,0.7,2.9,43.7,-0.7,0.6,2.3,0.3,-0.7,2.1,-3,0.5,-0.6,0,-0.1,1.7,-0.5,0.3,20,0,0.4,0.5,0.7,2,0.3,2.3,-0.3,2.3,-0.4,0.4,1.9
1,81,337,154,71,67,-0.1,0.4,0.6,10,-0.4,0.9,1,0.6,0.5,11.4,15.3,0.1,-0.6,0,-0.1,0.3,-0.2,0.7,23.5,0.7,-0.3,0.1,0.4,1.3,0.5,0.5,-0.7,0.5,-0.7,0.4,0.4
1,90,354,153,55,46,0.1,0.8,1.6,23.8,0.6,0.5,1.8,-0.5,0.1,8.6,9.3,-0.4,-0.6,-0.2,0.5,0.7,0.6,0.1,20.1,0.9,0.4,0.7,0.9,5.9,0.7,2.3,0,1.9,-0.1,0.4,1.4
1,78,334,130,47,44,-0.5,0.5,0.2,8.3,-0.8,1.2,0.3,0.7,-0.3,4.4,3.4,0.3,-1.1,-0.1,-0.1,0.2,-0.2,1.2,8.9,0.7,-0.9,-0.6,-0.6,1.1,0.6,0.6,-0.5,0.8,-0.5,0.8,0.8
10,98,358,154,85,66,0.1,0.6,1.4,12.8,-0.1,1.4,1.3,0.9,0.3,20.4,22.7,0,-0.9,0.1,-0.2,0.8,-0.3,1.1,21.5,0.4,0.5,1,1.1,2.5,1,1.1,0.1,0.8,0.1,0.7,0.8
1,81,362,197,-31,-8,0,1,2,28.4,-0.2,0.9,0.9,-0.5,-1.5,-8.5,-19,0,-1.1,-0.3,-0.2,1.8,0.1,0.5,0.2,0.8,-0.5,0.8,0.7,3.8,0.5,2.6,0.4,2.2,0.1,-0.3,1.6
1,90,357,151,-29,-6,-0.3,0.8,2.2,26.7,-0.1,1.1,1.6,0.6,-0.6,-10.4,-14.9,0.1,-0.8,0.2,-0.2,1.5,-0.2,0.8,-6.3,0.4,0,0,0,2.7,0,2.1,-0.1,2,-0.1,0,2.3
1,85,383,163,22,25,0,0.7,2.6,31.8,0.2,0.6,2.5,0.1,-0.2,-0.7,-2.3,0.6,-0.3,-0.6,0.2,1.1,0.3,-0.1,9.2,-0.1,-0.1,0.2,0.3,3.6,0.5,2.5,0,2.4,0,0.3,2.2
1,79,368,156,77,68,-0.2,0.8,1.2,14.8,0,0.6,2.1,0.4,0.8,17.8,23.4,-0.1,-0.6,-0.3,0.8,0.5,0.4,0.3,32.7,0.1,-0.2,-0.1,-0.1,5.1,0.6,3,-0.2,2.7,-0.1,0.5,2
1,61,397,175,69,63,0,-1,1.9,22.7,0.2,-1,3.5,0.4,1.6,12.6,24.7,0.2,0.3,-0.3,0.1,-0.1,0.1,-0.2,39,0.1,-0.3,-0.3,-0.2,6.5,-0.3,5.1,0.1,3.9,0.1,-0.4,2.9
6,90,380,158,56,66,0.2,0.6,0.9,14.7,0.3,0.9,3,0.3,2.1,5.2,22,-0.4,-0.7,0,0.4,-0.5,0.1,0.6,27.2,0.1,0.1,0.1,0.4,4.6,0.6,4.3,-0.4,3.3,-0.4,0.4,2.3
1,79,423,138,57,55,-0.4,0.2,0.7,15.5,-0.3,0.6,0.8,0.5,0.4,5.5,11.1,0.5,-0.3,-0.3,-0.2,-0.2,-0.5,0.4,11.8,-0.1,0.3,0.3,0.4,0.7,0.7,0.4,-0.6,0.5,-0.5,0.3,0.5
1,83,361,142,19,5,0,0.6,1.4,24.5,-0.2,0.6,0.4,0.1,-1.1,-2.8,-10.2,0.1,-0.6,0,0.6,1.2,-0.2,0.4,1.6,0.5,0.2,0.6,0.6,2,-0.3,0.1,-0.6,0.3,-0.5,0.4,0.6
2,84,375,146,11,12,-0.4,0.7,0.6,26.2,-0.9,0.8,0.5,0.7,-0.3,-6.8,-8,0.7,-1,-0.2,0.5,0.2,-0.4,0.8,3,0.4,-0.6,0.1,0.5,1,0.7,0.3,-0.8,0.3,-0.8,0.5,0.4
1,78,371,152,9,12,-0.1,1.1,2.5,74.3,0,1.8,2,0.7,-0.5,-15.9,-19.9,0.1,-1.4,-0.1,0.2,1.5,0.1,1.2,12.1,1,-0.4,-0.2,-0.1,5.5,1.1,2.3,0,1.9,0,0.9,1.6
2,86,362,117,65,60,-0.4,0.6,0.8,16.6,-0.5,0.2,0.9,-0.8,0.2,15.4,16.4,0.7,-0.5,-0.2,0.7,0.6,-0.2,0.3,22.5,-0.2,0.1,0.1,0.2,-0.8,0.4,-1.4,-0.4,0.1,-0.2,0.5,0.4
10,72,360,155,40,41,0,0.5,1.7,35.4,0.4,1.1,2,0.6,0.5,4.8,8.4,-0.2,-0.8,-0.4,-0.3,0.6,0.7,0.8,23.7,0.7,-0.4,-0.1,-0.4,3.6,0.6,2.3,0.3,2,0.2,0.5,1.8
1,87,370,165,66,51,-0.5,-0.3,2.2,25.1,-0.2,-0.1,2.1,0.5,0.2,11,12.4,0.1,-0.3,-0.1,0.3,1.3,0,-0.2,25.2,0.9,-0.4,-0.8,-0.6,8.1,-0.1,4.8,-0.4,3.4,-0.2,-0.1,2.1
1,91,402,254,-4,14,-0.2,1,0.1,27.1,0.4,0.8,0.7,0.2,0.7,-12.8,-7.7,0.5,-0.7,-0.4,0.9,-0.6,0,0.2,7,0.8,0.5,0.5,0.6,4,0.6,2.5,0,1.5,0,0.6,1.1
1,102,350,168,-39,-19,-0.1,0.7,2.1,36.3,0.1,1,1.8,0.6,-0.4,-29.7,-32.1,-0.4,-0.8,-0.1,-0.3,1.1,0.6,0.8,-6.7,1.5,-0.5,-0.1,0.3,9,0.5,6.8,0.1,4.3,0,0.5,3
1,80,364,169,8,11,-0.1,0.7,1.4,19.7,0.2,1,1.1,0.5,-0.7,-4.6,-8.8,0,-0.5,-0.7,0.4,0.9,0.4,0.3,3.3,0.8,-0.3,0.1,0.1,4.6,0.5,3.2,0.1,2.2,0.1,0.4,1.5
6,82,399,162,-19,-5,-0.1,0.9,1.3,31.9,0,0.9,1.3,0.2,-0.1,-13,-13.7,0.1,-0.9,0.1,0.6,0.5,0,0.4,-2.9,0.6,0.4,0.5,0.5,2.7,0.5,1.8,-0.4,1.6,-0.2,0.5,1.4
10,104,372,159,-26,-3,0,0.7,1.5,33.6,0.1,0.4,1.4,0.4,0.2,-15.9,-15,-0.1,0.4,0,-0.5,0.3,0,-0.3,0.7,1.1,-0.1,-0.2,-0.1,3.5,-0.5,2.1,-0.1,2.2,-0.2,-0.3,1.7
3,85,373,147,-49,-11,0,0.6,-0.3,2.6,0.8,1,1,0.4,1,-9.4,-0.4,-0.2,-0.5,0.2,0.5,-0.4,0,0.5,-6.4,-0.2,0,0,0,0.9,0.4,1.1,-0.3,0.3,-0.3,0.2,-0.5
1,83,381,125,69,59,0,0.7,1.4,24,-0.1,0.8,1.6,0.4,-0.4,21.9,19.9,0.1,-0.7,0.1,0.3,0.8,-0.1,0.6,33.4,0.9,-0.3,0.1,0.3,3.2,0.5,0.9,-0.2,1,-0.2,0.4,1.1
1,81,386,153,73,63,-0.3,0.5,1.2,15.8,0,0.9,1.9,0.5,0.7,11.8,18.1,0,-0.7,-0.2,-0.1,0.4,0.2,0.6,26.3,0.6,0,0,0,1.3,0.5,1.6,-0.1,2.2,0,0.5,1.9
1,94,382,147,46,24,0.1,0.4,1.3,19.8,-0.1,1,0.6,0.9,-0.7,3.6,-1.5,0.2,-0.5,0,-0.3,0.8,-0.1,0.8,4.1,0.1,-0.5,-0.1,0.3,2.8,0.5,1.4,-0.4,1,-0.1,0.4,0.7
1,84,370,143,0,0,0,0.8,1.8,36.1,-0.2,0.7,0.9,0.3,-0.9,-9.2,-16.4,0.2,-0.5,0.2,0.4,1.2,-0.6,0.3,-0.5,0.4,0.2,-0.4,0.3,2,0.4,0.9,-0.1,1.3,-0.1,0.4,1.4
1,91,387,188,-16,5,-0.5,0.7,0.3,29.7,0.1,0.9,0.6,0.5,0.6,-20.7,-15,0.4,-1,-0.8,-0.1,-0.3,0.2,0.5,6.7,1.2,-0.3,0.1,0.1,1.1,0.1,0.8,-0.2,0.5,-0.2,0.2,0.3
10,99,381,190,50,64,-0.5,0.9,1.3,29.9,-0.9,1.8,3.9,1.3,2.7,10.5,35.8,1.3,-1.3,-0.2,-0.4,-0.9,-1.1,1.5,42.2,1.7,-0.8,-0.3,0.3,11,0.7,6.4,-1.2,2.9,-1,0.6,1.4
1,101,355,203,44,45,-0.5,0.6,1.2,20.8,-0.1,1.4,1.8,0.8,0.7,3.3,8.4,0,-0.9,0.1,0.4,0.5,0,0.9,9.8,0.4,-0.9,-0.7,-0.6,9.2,1.1,8.4,-0.3,4.5,0,0.8,2.4
10,132,390,159,-44,-29,0.7,0.8,3.7,35.9,0.4,0.9,0.6,0.4,-3.2,-10.5,-36.1,-0.4,-0.8,0.4,0.4,3.3,0,0.6,-26.9,-0.6,0.4,0.3,0.8,4.8,-1,5.5,0.1,3.1,0.1,-0.5,2.1
2,79,350,258,58,67,-0.7,0.7,-0.8,1.7,-0.7,1.1,-1.1,0.7,-0.6,12.7,4.5,0.7,-0.7,-0.3,-0.1,-0.2,-0.4,0.8,6.4,0.6,-0.7,-0.5,0.2,0.7,0.5,-1.5,-1.3,-1.8,-0.9,0.7,-1.7
2,103,371,132,67,59,-0.3,0.5,1.6,33,-1,0.5,1.6,0.2,-1.3,36.8,31.1,0.6,-0.6,0.1,-0.2,1.1,-0.9,0.7,49.7,1.3,-0.3,0.1,0.4,3.4,0.3,1.7,-1.1,1.5,-0.9,0.3,1.4
2,97,363,251,-1,-18,-1.3,0.4,-2.7,10.9,0,0.5,-1.7,-0.4,1,-26.2,-12.8,0.5,-0.4,-1,0.2,-1.8,0.3,0.4,-5.2,1.1,-0.9,0.5,1,-5.1,0.4,-3.7,-1.3,-2.9,-0.8,0.3,-2.2
10,131,377,216,155,60,1.4,1.3,2.7,26.1,1.5,2.2,2.9,0.9,0.5,19.7,25.1,-0.9,-1.2,0.4,-0.1,1.3,0.4,1.1,14.6,-0.1,-1.4,0.4,0.8,-5.2,1.2,1.9,0.8,3.8,1.2,0.8,3
10,91,359,152,8,10,0.3,-0.2,1.9,49.8,0,0.2,1.4,0.3,-0.5,-8.7,-11.8,-0.1,-0.5,-0.1,0.3,1.1,0.1,0.2,8.4,-0.1,0,0,0,5.6,-1.2,5.9,0.4,2.8,0.2,-0.4,1.6
1,90,382,216,9,20,-0.2,0.8,2,43.9,0.1,0.6,2.2,0.2,0.6,-9.8,-5.2,0,-0.7,-0.4,0.5,0.9,0.1,0.4,11.5,1.7,-0.7,0.5,-0.6,9.5,0.7,5.3,0.1,3.8,-0.1,0.4,2.6
15,121,329,160,66,-4,0.1,0.6,1.3,12.5,-1.1,1,-0.8,0.4,-2,6.6,-8.6,0.5,-0.4,0.5,-0.1,1.5,-1.1,0.3,-0.3,-0.4,0.8,0.3,0.8,7.1,1.4,2.3,-1.9,0.6,-0.9,-0.4,-1.5
1,78,393,143,-1,4,-0.2,1.3,2.6,43,0.2,1.3,1.6,0.4,-0.9,-11.7,-17.2,-0.5,-1,-0.1,-0.1,1.8,0.6,0.6,2.2,0.4,-1,0.1,0.4,1.9,0.6,1.7,0,1.5,-0.1,0.5,1.8
6,84,444,182,-27,-7,-0.1,0.7,1,29.2,0,1.2,1.1,0.4,-0.4,-15,-19.2,0.1,-0.9,0,-0.3,0.5,0,1.1,-2,0,0.4,0.1,-0.7,3.4,0.6,3.2,-1.1,2.2,-0.6,0.5,1.2
3,97,357,170,-48,-11,-0.6,0.9,-0.7,10.8,0,1.6,1.7,0.8,2.2,-24.2,-7.1,0.3,-1.2,-0.6,-0.1,-1.3,0.2,1.3,-2.4,1,0.1,0.2,0.7,1.9,1.2,0.5,-0.2,1.5,-0.2,1,1.5
2,94,434,127,61,54,-0.4,0.4,-0.6,1.2,-0.7,0.3,-1.3,0.2,-0.7,6,1.8,0.6,0,-0.4,0,0.3,-0.2,0,1.6,0.9,-0.7,0.3,0.4,1.4,0.6,-0.7,-1.1,-3.7,-1.2,0.4,-3.2
1,96,340,225,80,62,0.2,0.4,2.3,25.7,0.1,0.9,2.5,0.5,0.4,27.8,31.3,-0.1,-0.9,0.2,0.4,1.1,0,0.9,41.2,0.5,-0.6,-0.3,0.4,5.1,0.7,7.7,0.2,5.5,0.1,0.5,3.4
16,91,322,187,47,28,0.4,0.4,0.7,17.3,-0.1,0.9,0.6,0.5,-1.2,6.2,-1.9,0,-0.6,0.6,-0.2,0.9,-0.7,0.8,10.8,0.8,0.7,0.4,0.1,2.8,0.3,1.3,0,0.7,0.1,0.4,0.5
6,80,363,135,1,3,0.1,0.6,1.7,44.5,0.4,0.9,1.2,0.2,-0.5,-12,-15.2,-0.6,-0.7,0.4,0.3,1.1,0.2,0.5,2.4,-0.2,-0.6,0.2,0.4,4.9,0.5,3,-0.1,1.7,0,0.4,1
2,97,294,184,39,22,-1,0.2,-1.3,21,-1.9,-0.7,-1.8,-1,-1.2,4,-6.3,1.5,0.2,-0.1,0.6,0.6,-1.4,-0.9,7.8,1.6,1,0.3,0.7,4.6,-0.4,2.8,-2.4,0.6,-2,-0.5,0.2
7,92,362,161,83,72,0,0.4,1.3,13.9,0.4,1.5,2.9,1.2,1.6,16.3,29.7,-0.2,-0.9,-0.2,-0.4,-0.2,0.5,1.2,35.4,0.8,-0.9,-0.2,0.5,5.8,0,4.2,0.1,2.5,0.1,0,1.4
1,90,341,201,32,32,-0.1,-0.1,2.3,35.1,0.1,-0.2,2.4,-0.2,0.2,0.9,2.5,0.2,0.1,-0.1,0.1,1.1,0.1,-0.1,18.6,0.5,-0.3,-0.2,-0.4,8.1,-0.1,6.5,-0.1,3.9,0,-0.3,2.4
1,90,404,157,21,12,-0.2,1.3,1.6,35.5,-0.5,1.3,0.6,0.5,-1.1,-4.9,-11,0.1,-1.2,0.2,0.8,1.3,-0.5,0.8,3.6,0.8,-1.4,-0.6,0.2,3.6,1,1.2,-0.9,0.5,-0.9,0.9,0.4
10,123,440,183,28,68,-0.6,1.1,0.7,9.3,-0.3,0.2,2.4,-1.1,1.9,0.5,15.3,0.1,-0.8,0,0.7,-1,-0.1,0.5,23.2,0.1,-0.6,0.1,0.2,5.3,0.9,4,-0.6,1.9,-0.7,0.7,1.5
10,105,329,145,-166,-13,0.1,0.7,1.3,3,0.4,1.2,0.9,0.6,-0.6,3.2,-0.8,-0.4,-1,0.1,-0.2,0.9,0.1,0.9,-0.9,-2.1,-1.1,-0.7,0.2,-0.7,0.5,0.7,0.1,1.1,0.1,0.6,1.2
1,85,352,152,13,19,0,0.9,1.9,28,0.3,1.5,1.8,0.7,-0.2,-5.2,-6,-0.1,-1.1,-0.1,-0.1,1,0.1,1,9.2,0.1,-1.2,-0.7,-0.2,4.8,0.5,3.2,-0.4,3,-0.3,0.7,2.3
1,77,359,141,68,67,0,0.7,0.5,10.6,0,1.7,1.2,1,0.7,11.5,15.5,0,-1.2,0.1,-0.3,-0.1,0,1.3,22.1,0.9,-0.7,-0.4,-0.3,2.6,0.8,1.6,-0.5,0.8,-0.3,0.8,0.6
5,83,232,128,125,102,0.9,0.6,1.8,-4.5,0.5,-0.4,1.5,-0.9,-0.3,32.6,30.5,-0.7,-0.2,0.7,1,1,0.1,-0.7,34.1,-1.7,-1.7,-1,0.4,2.7,0.3,4.8,2.8,3.7,1.9,0.5,2.5
1,92,355,164,42,42,-0.4,0.9,1.5,21.7,0.1,1.7,2,0.9,0.6,3,7.4,0.1,-1.2,-0.2,0.4,0.6,0.1,1.2,15.9,0.4,-0.1,-0.4,-0.6,6.7,0.8,4.4,0.1,2.9,0.1,0.8,1.9
1,85,346,138,72,79,-0.2,0.6,-0.2,3.9,0.6,0.8,1.5,0.6,1.6,8.2,17.1,0,-0.8,0,-0.1,-0.7,0,0.7,29.4,0.6,-0.5,0.1,0.8,6,1.3,2.3,-0.5,0.6,-0.1,0.9,0.6
10,96,350,169,15,70,-0.5,1.1,0.3,6.2,0.7,1,1.4,0.3,1.8,-4,15,-0.1,-1.1,-0.6,0.6,-0.8,0.8,0.8,13.5,0.5,-0.9,-0.6,0.4,2,0.7,2,-0.6,1.3,-0.5,0.9,0.8
5,69,240,133,93,92,0.4,1,0,0.6,0.1,1.8,0.8,1.3,0.9,1.3,7.2,-0.5,-1.4,0,0.5,-0.3,0.2,0.9,6.9,1.2,-0.9,0.2,0.6,2.7,1.1,0.4,-0.2,0.1,-0.6,1.1,-0.1
1,88,404,188,119,88,-0.5,1,1.7,3.5,0.1,1,1.5,0.6,-0.3,36.7,33.9,-0.2,-1.1,-0.4,-0.1,1.1,0.5,0.6,22.8,1.5,-1.2,0.6,0.8,4.4,0.8,0.9,-0.1,0.1,-0.2,0.6,-1
2,84,396,136,0,18,-0.9,0.6,-0.7,14.7,-0.6,0.8,0.4,0.5,1,-11.6,-4.4,1,-0.7,-0.4,0.1,-0.8,-0.2,0.6,2.9,0.9,-0.6,-0.5,0.1,-1.4,0.3,-3.9,-1.4,-2.3,-1,0.3,-1.2
2,107,359,241,4,-16,-2.1,0.6,-1.9,24.1,-1.4,0.6,-1.7,0.4,0.7,-19.6,-11.1,1.4,-1,-1,0.6,-1.1,-0.3,0.8,-5.9,2,-1.2,-0.2,-0.5,1.9,0.7,-2.3,-2.4,-2.7,-1.9,1.1,-2.2
10,91,357,172,-60,9,0.2,0.5,1,15.5,1,1.6,2.7,1.2,1.7,-18.2,-4.6,-0.4,-1,-0.1,-0.4,-0.2,0.6,1.3,-2.8,0.5,-0.7,-0.3,0.7,7.5,0.8,4.8,0.5,2.7,0.1,0.6,1.5
1,74,381,142,40,33,-0.3,0.3,1.2,20.4,-0.7,1,1.1,0.7,-0.3,2.3,0.7,0.6,-0.6,0,-0.3,0.7,-0.4,0.7,12.2,0.4,-0.2,0.2,-0.1,2,0.6,1.2,-0.6,1.4,-0.5,0.5,0.9
10,89,355,144,5,33,0,0.5,0.7,19.4,0.3,0.6,1.7,0.3,1.3,-5.3,4,-0.2,-0.6,-0.1,-0.1,-0.7,0.4,0.4,6.9,0.5,-0.6,0.3,0.5,1.6,0.6,1.6,-0.8,2.2,-0.6,0.4,2
7,109,374,218,-56,-42,-0.4,0.4,-0.6,18.9,0.1,1.3,1.5,0.8,2.1,-46.2,-26.5,0.1,-0.8,-0.9,-0.2,-1.3,0.5,0.9,-16.3,1.3,-0.9,-0.3,0.2,4.2,0.7,1.6,-0.4,-0.2,-1,0.4,-1.1
1,80,375,180,24,-14,-0.7,1,1.3,39.3,-1.4,1.7,-2.2,0.7,-1.8,-2.5,-26.9,1.1,-1.5,0,0.3,1.5,-1.2,1.3,14.1,1.1,-0.6,0.2,0.4,3.9,0.9,-1.7,-1.2,-1.2,-1.1,0.9,-0.9
2,83,344,297,69,117,-0.7,0.4,-1.4,-11.5,-0.6,0.8,0.3,0.6,1,9.7,24.1,0.7,-0.5,-0.5,-0.1,-1.1,0,0.6,24.1,0.5,-0.7,-0.2,-0.3,0.2,0.1,-1.5,-1.3,-1.3,-1,0.4,-1.2
1,92,388,163,-1,0,-0.1,1,2.5,41.4,-0.2,1.2,1.3,0.5,-1.1,-10,-18.1,0.2,-1.1,0,0.4,1.8,-0.4,0.8,3,0.2,-0.2,-0.4,-0.5,5.1,0.6,4.1,-0.4,3.1,-0.1,0.6,2.2
1,100,388,182,61,57,-0.4,0.7,0.9,17.7,0.3,0.4,0.9,-0.7,0.3,15.3,17.5,0,-0.7,-0.4,0.7,0.4,0.4,-0.4,21.3,0.1,-0.5,0.4,0.8,5,1.5,5.2,-0.2,2.6,-0.4,0.9,1.7
16,113,358,220,91,79,0.6,0.3,1.9,13,0.5,2.4,2.3,2.2,0.5,51.7,55.4,-0.6,-1.2,0.1,-1,1,0.2,2.3,63.9,0.1,-0.7,-0.4,-0.3,8,0.6,5.2,0.7,4.1,0.1,1,2.5
1,105,354,177,52,33,0,0.3,1.9,28.1,-0.4,0.8,1.4,0.5,-1.3,5.7,-3.6,0.4,-0.6,0.2,-0.3,1.3,-0.4,1,21.5,1.1,-0.3,-0.3,-0.5,7.1,0.7,5.1,-0.5,3.5,-0.7,-0.1,1.9
10,99,383,184,14,65,0.1,0.4,1.2,24.7,1.5,1,5.8,0.5,4.5,-4.3,35.3,-0.4,-0.6,-0.9,-0.2,-1.8,1.4,0.8,52,0.6,0.3,0.4,0.6,7,0.6,6.3,0.8,5.2,0.6,0.5,3.8
1,84,379,292,20,33,0,0.4,1.5,28.8,-0.3,1.1,0.9,0.7,-0.6,-6.8,-13.6,-0.1,-1,-0.7,-0.3,-0.1,1.1,1.3,29.4,0.1,0.2,0.2,0.3,0.9,0.6,-0.1,-0.1,1,0,0.5,1.2
10,74,384,142,110,92,0.2,0.7,0.7,-0.5,-0.3,1.4,0.7,0.6,-0.6,15.7,13.8,0.1,-1,0.3,0.3,0.6,-0.4,0.9,14.3,-0.4,-1.2,-0.7,0.5,4.3,0.8,6.4,0,2.3,0.1,0.6,0.9
1,76,333,160,64,60,-0.1,0.6,1,17.9,-0.5,1.7,1.8,1.1,0.9,13.9,17.6,0.4,-1.2,0,-0.2,0.3,-0.3,1.3,28.1,0.4,-0.7,0.2,0.8,5.8,1.1,4.6,-1.2,2.2,-0.9,0.8,1.6
1,87,357,178,66,59,0.4,0.4,1.9,24.6,0.1,0.7,3.4,0.4,1.6,12.9,23.7,-0.4,-0.5,0.2,-0.2,0.5,0.2,0.5,35.4,1,-0.3,-0.1,0.3,6.7,0.5,6.9,0.1,4.1,0.1,0.4,2.6
1,87,349,150,28,31,-0.4,0.6,0.1,14.8,-0.2,1.1,0.3,0.5,0.2,1.2,2.2,0.2,-0.8,-0.4,0.3,0,0,0.8,7.9,1.7,0,0,0,5.7,0.7,2.4,0,0.6,-0.1,0.5,-0.3
16,96,328,170,85,82,-0.2,-0.3,0.5,3.4,-0.2,1.2,1.8,1.3,1.4,19.8,26.5,0.1,-0.5,0,-0.8,-0.6,-0.2,1.1,26.7,0.9,-0.6,-0.3,0.1,8.9,0.4,3.8,-0.2,1.8,-0.1,0.6,1.2
10,88,380,158,50,21,-0.1,1,1.5,15.3,-0.5,1.3,0.6,0.4,-1,3.6,-3.4,0.5,-0.9,-0.1,0.5,1.2,-0.4,0.8,9.3,0.5,-0.6,-0.4,0.2,3,0.5,3.1,-0.4,1.5,-0.2,0.5,1.2
1,80,354,171,39,38,0.2,0.8,1.2,18.5,0.1,0.7,1.4,0.2,0.2,0.5,1.4,-0.1,-0.9,0.2,0.6,0.4,0,0.4,12,0.1,0.1,0.2,-0.3,1.5,0.5,1.1,0.1,1.2,0.1,0.8,1.1
6,85,386,148,31,34,0.1,0.5,0.7,18,-0.1,1.4,1,0.9,0.3,1.5,3.7,0,-0.9,0.1,-0.3,0.3,-0.2,1.1,10.9,0.9,-0.9,-0.3,0.2,1.5,0.5,1.3,-0.7,0.8,-0.4,0.5,0.7
10,90,364,170,69,53,0.5,0.7,2.3,26.2,0.5,1.6,2.7,1,0.7,10.3,16,-0.6,-1.1,0,0.1,1,0.6,1.3,28.4,0,-1.2,-0.7,0.2,3.1,0.6,5.2,0.5,4,0.4,0.6,2.7
1,74,387,173,74,57,-0.1,0.4,2,20.4,0.2,1,2.2,0.8,0.4,13.8,16.6,0.3,-0.7,-0.3,-0.3,0.9,0.4,0.9,22.9,0.2,-0.8,-0.5,-0.3,6.6,0.7,4.7,0.3,3.9,0,0.7,2.8
10,95,378,161,58,43,-0.1,0.6,1.9,22.9,-0.2,1.4,1.6,0.8,-0.4,9.6,7.4,0.3,-0.7,0.1,-0.2,1.1,-0.5,1,21,0.3,-1,-0.4,0.3,5.5,0.5,2.3,-0.5,1.2,-0.4,0.5,0.8
1,86,359,146,-11,7,0.2,0.9,1.3,40.6,0.8,1,1.8,0.6,0.6,-14.1,-11,-0.7,-0.7,0.1,0.4,-0.1,0.4,0.7,5.8,0.6,-0.4,0.3,0.3,5.5,0.6,2.5,0.1,1.8,0.1,0.4,1.1
5,74,302,127,112,104,-0.3,1.4,0.5,-6,-0.2,2,0.5,0.6,-1,33.1,28.5,0.2,-2,-0.1,0.2,0.4,0,1.8,32.1,0.4,-2.3,-1,0.5,1.6,0.9,2.2,-0.6,1.6,-0.6,1.5,0.8
1,95,368,156,2,20,-0.7,1,0.5,16.9,-0.5,0.9,1.1,-0.8,0.5,-6.1,-3.1,0.6,-0.7,-0.5,0.8,-0.2,-0.1,0.6,4.4,0.3,0,0,0,4.7,0.6,3.1,0.2,2.4,-0.1,0.6,1.3
1,74,374,138,9,26,-0.8,0.5,1.1,29.1,-0.7,0.6,2.3,-0.3,1.3,-14.3,-6,0,0.5,0.4,-0.5,-0.3,-0.5,-0.3,15,1.5,-0.2,-0.2,-0.2,4.1,0.8,3.3,-1.1,2.2,-0.9,0.3,1.6
2,73,359,248,33,24,-0.1,0.3,-0.6,6.7,-0.4,-0.2,-0.9,-0.4,-0.4,1.6,-0.8,0.6,0,0.1,0,-0.2,-0.6,0,4.1,1.1,0.5,0.6,0.6,0.7,0.3,0.6,-0.5,0.2,-0.4,0.1,-0.8
1,104,359,153,48,65,-1,0.2,-1,12.3,-0.8,0.5,1.2,0.4,1.6,8.9,20.1,0.8,-0.3,-0.9,-0.2,-1.1,-0.2,0.4,27.6,0.9,-0.5,0.2,0.5,1.4,0.4,-1.5,-1.6,-1.1,-1.5,0.7,-1.2
10,92,363,151,-32,-12,-0.1,0,0.6,27.6,0,0,0.8,0,0.2,-19.6,-16.8,0,-0.4,-0.1,0.3,0.4,0.1,0.2,-8,0.5,1,0.9,-0.2,3.1,0.8,0.5,-0.7,-0.9,-0.4,0.3,1
16,105,327,218,-62,145,-0.5,1.2,-3.3,-38.8,1,2.1,0.5,0.9,3.5,-12,30.7,0.3,-1.6,-0.8,-0.3,-2.1,0.5,2,-4,1.7,-1.3,-0.9,-0.8,8.7,1,4.2,3.1,1.9,1.5,1.3,-0.9
1,97,333,171,87,88,0,0.8,0.2,2.5,0.2,1.7,1.5,1.1,1.6,21.8,33.9,-0.1,-1.2,-0.1,-0.4,-0.7,0.3,1.3,35.9,1.1,0,0,0,2.5,0.4,1.7,0.1,1.2,-0.4,0.7,0.9
3,101,336,229,-52,-29,-0.8,0.7,-0.8,27.4,0.1,0.9,2.3,0.5,2.3,-47.1,-26.9,0.4,-0.8,-1.1,0.8,-1.2,0.7,0.5,-13.1,2,0,0,0,7,0.4,6.1,0.4,3.4,-0.3,0.5,1.6
2,83,333,225,53,65,-0.4,0.3,-0.7,12.6,-1,0.7,0.6,0.6,1.2,9.5,16.9,0.3,-0.4,0.2,-0.2,-0.9,-0.4,0.5,24.3,1,-0.7,0.2,0.5,-0.9,0.6,-1,-0.5,-0.8,-0.6,0.4,-0.9
6,84,426,165,8,38,-0.6,0.5,1.1,26.6,-0.7,0.4,2.8,-0.7,1.7,-3.8,7.7,0.7,0,-0.2,0,-0.3,-0.4,0,15,1.1,0.8,1,1,12.4,0.5,7.3,-1.2,4.9,-1,0.2,2.6
2,98,290,163,49,61,-1.3,1.3,-2.2,8.8,-1,0.9,-1.7,0.3,-0.6,15.5,9.3,1.4,-1.1,-0.9,1,-1,-0.5,0.4,22,0.8,-0.8,0.6,0.6,1,0.4,-1.8,-1.5,-1.3,-1.1,0.3,-0.8
2,81,452,160,53,53,-0.8,1.4,-0.2,24.3,-0.9,1.8,-0.1,0.5,0.1,18,19.2,0.7,-1.5,-0.3,0.6,0.3,-0.1,1,26.7,0.2,-1,0.2,0.8,1.3,1.1,-1.7,-1.7,-1.1,-0.8,1,-0.8
3,93,382,266,48,70,-0.1,0.9,-0.3,12.1,-0.4,0.9,2.3,-0.2,2.6,7.3,28.6,0.1,-0.5,0,0.3,-1.3,0,0.1,32.6,1.1,0.3,1,1.1,4.5,0.9,2.4,0.2,1.2,-0.4,0.8,1.5
16,84,362,137,9,17,-0.5,0.9,0.9,34.3,-0.2,1,1.1,0.2,0.4,-9.3,-4.8,0,-0.7,0.1,0.5,0.4,-0.1,0.3,5.1,0.8,-0.4,-0.6,-0.7,3.6,0.5,0.7,-0.2,0.4,-0.4,0.5,0.2
10,102,429,163,62,67,0.1,0.4,0.6,13.4,0.5,1,2.2,0.7,1.5,9.8,20.6,-0.1,-0.6,-0.3,-0.2,-0.5,0.5,0.8,25.3,0.2,0,0,0,2.1,0.6,2.1,0,2.1,0,0.6,2.3
6,94,401,149,-10,8,0,0.8,1.6,26.8,0.1,0.8,1.7,0.4,0.1,-8.8,-8.5,0.1,-0.8,-0.1,-0.1,0.8,-0.1,0.5,2.3,1,0.6,0.5,0.5,4,0.5,3.2,0,2.3,0,0.5,2
1,91,371,162,13,12,0.1,0.5,2.7,64.1,0.2,0.5,2,-0.1,-0.8,-5.5,-11.9,-0.1,-0.5,0,0.1,1.8,0.2,0.3,9.8,0.9,0.4,0.6,0.7,6.1,0.5,3.3,0.1,2.7,0,0.3,2.3
2,100,336,152,-34,-66,-1,0.7,-1.3,-0.3,0.4,0.6,-0.3,-0.4,1,-10.3,-3.1,0.4,-0.6,-1.1,0.5,-0.8,0.5,0.3,-2.5,1.3,-1.3,0.3,0.3,2.6,-0.7,1.2,0,-0.7,-0.2,0.4,-0.8
2,92,359,245,74,69,-0.1,0.2,0.4,17,-1,1.1,0.8,0.9,0.5,27.5,34.5,0.7,-0.7,0.1,-0.3,0.6,-0.8,1,39.8,3.1,-1.1,-1.1,-0.6,9.3,0.5,-0.6,-1.1,-1.3,-0.9,0.5,-1.2
2,94,405,237,76,78,-1.5,0.2,-0.2,-1.1,-1,1.5,0.5,1,0.5,7.6,13.5,1.2,-1.1,-0.9,-0.4,0.4,-0.3,1.2,11.2,0.2,-1,0.2,0.4,-2.5,0.4,-3.4,-1.7,-2.9,-1,1.2,-1.9
1,98,373,156,55,26,0,0.7,1.5,19.1,0,0.8,0.5,-0.1,-1.2,6.8,-1.3,0,-0.4,0,0.1,1.4,-0.2,0.3,8,0.8,-0.4,-0.9,-1.1,6.2,0.3,3.1,-0.5,1.6,-0.8,0.3,1
9,146,448,273,8,23,-1.4,0.8,-1.9,16.4,-0.9,1.6,-2.2,1.1,1.5,-15,6.6,1,-1,-0.7,-0.3,-1.3,-0.2,1.3,22.6,4.3,-0.8,-0.1,-0.3,5.3,0.7,2.6,-0.8,1.7,-1.3,0.7,-2.1
1,84,369,146,39,39,0,0.6,0.6,9.7,-0.5,0.4,0.7,-0.6,0.2,1.1,2.4,0.6,-0.5,-0.4,0.7,0.3,-0.1,0.1,6.7,0.5,0.1,0.1,0.4,1.5,0.3,0.9,0.4,0.5,0.1,0.2,0.6
2,77,325,235,46,44,-0.3,0.7,-0.9,4.7,-0.5,0.8,-1.3,0.5,-0.6,5.7,-1.7,0.4,-0.7,0,-0.1,-0.3,-0.4,0.7,17.2,0.4,0,0,0,0.6,0.5,-2,-0.7,0.3,-0.5,0.6,0.3
1,82,381,171,1,42,-0.7,0.7,0.9,30,-0.5,0.7,3.4,0.5,2.6,-13,8.3,0.5,-0.6,-0.5,-0.1,-1.1,0,0.5,22.4,0.1,0,0,0,5.1,0.7,4,-0.4,3.4,-0.3,0.6,2.8
5,84,340,247,32,46,-0.2,0.6,2.3,40.8,-0.3,0.9,4,0.4,1.6,-0.7,14,0.5,-0.8,-0.1,-0.1,0.3,0,0.6,38.6,0.5,0,0,0,9,0.5,6.8,-0.5,5.5,-0.3,0.4,3.8
2,76,397,163,-10,-4,-0.4,0.6,0.2,21.1,-0.3,0.7,0.4,0.3,0.2,-17.4,-16.1,0.2,-0.6,-0.7,0.5,-0.2,0.4,0.5,4.9,0,0.1,0.3,0.4,0.2,0.4,0.2,-0.5,0.2,-0.4,0.4,0.2
8,106,365,196,-73,-80,-0.6,0.5,-0.8,-1.4,0.6,0.6,1,0.3,1.6,-22.8,-7.2,-0.1,-0.4,-0.4,0.7,-1.1,0.7,0.1,-9.8,0,-1.2,0.1,0.6,1.8,0.8,1.4,0.7,1.2,0.5,0.4,0.8
1,70,339,143,11,23,0.1,0.8,1.1,15.8,0.1,1.5,1.4,0.7,0.3,-3.2,-1.9,-0.3,-1.1,0.1,-0.2,0.4,0.1,1,6.5,0.1,0,0,0,1.8,0.7,0.9,-0.1,1,-0.1,0.8,1
1,87,386,152,58,55,0.2,1,1.7,24,-0.1,1.7,2.7,1,1,9.9,16.9,0,-1.4,0.6,-0.3,0.4,-0.3,1.2,32.7,0.4,0.5,0.8,0.7,2,0.8,1.3,-0.5,1.8,-0.5,0.9,2
10,118,303,164,120,68,0,0.8,2.2,6.4,-0.4,0.9,2,0.2,-0.8,15.8,10.4,0.3,-0.7,0,0.4,1.2,-0.4,0.5,15.2,-1.4,-0.4,-0.4,-0.2,-11.8,0.1,-6.5,-1.3,2.5,-0.9,0.5,2.3
16,86,386,243,129,125,-1.2,1,-0.5,-11.2,0,1.4,0.3,0.9,0.6,7.7,13.2,0.3,-1,-0.4,0.3,-0.5,0.1,1,10.4,0.4,-1.3,-0.9,0.6,1,0.7,0.7,0.2,0.2,0.2,0.7,0.2
3,82,293,187,92,82,0,0.8,1.1,9.9,-0.7,1.9,-1.6,1.6,-1.6,24.4,8.4,0,-1.3,0.6,-0.5,1,-0.5,1.8,14.1,0.5,-1.4,-1.1,-0.4,3.2,0.5,2.4,-0.5,1,-0.6,0.9,0.6
1,96,330,159,52,40,0.1,0.5,1,23,0.1,1.1,0.3,0.6,-1,9.9,3.5,0.1,-0.8,-0.2,0.3,1,0.3,0.9,18.8,0.7,0.1,0.1,0.4,4.3,0.6,2.8,-0.3,1.7,-0.2,0.8,0.9
1,89,369,155,5,-4,0,1.2,2.1,34.2,0,1.5,0.6,0.5,-1.6,-12.3,-23.8,0.7,-0.8,0.2,0.4,1.5,-0.9,0.4,2.2,0.9,-0.1,0.1,0.2,3.8,0.8,2,-0.3,1.6,-0.3,0.7,1.4
6,93,367,173,82,69,0.1,0.4,2.2,19.7,0.1,0.5,3.6,0.3,1.4,27.7,35.5,-0.1,-0.5,0.1,0.2,0.6,0,0.4,49.7,0.9,-0.2,-0.4,-0.7,8.9,0.4,5.7,-0.2,4,-0.2,0.4,3
1,82,357,142,44,32,0.1,1,1.7,56.1,-0.6,1.3,1,0.5,-1.1,7.7,-1.5,0.6,-0.9,-0.2,0.7,0.8,-0.1,0.7,28.1,0.6,-1,0.5,0.5,3.2,0.7,1.1,-0.6,1.3,-0.7,0.8,1.3
16,97,382,224,87,87,-0.1,-0.1,0.2,1.5,-0.7,-1.3,1.9,-1.2,1.9,9.6,21.3,0.3,0.5,0.2,0.5,-1,-0.6,-1.1,29.3,0.9,-0.4,-0.8,-1.7,8.7,-0.3,6.4,-0.7,1.6,-0.6,-0.3,0.2
5,86,301,153,52,41,-0.2,1.2,1.9,27.4,-0.1,1.2,1.3,0.1,-0.8,12.3,6.7,0.5,-1.1,-0.3,0.7,1.2,-0.1,0.6,19.5,0,0.1,0.3,0.4,3,0.5,2.9,-0.7,1.8,-0.6,0.5,1.4
9,188,458,261,-12,-39,-9,1.5,-8.7,42.1,-3.9,-0.1,-4.4,-1,4.8,-74,-11.6,6.4,-0.9,-7.1,1.3,-6.7,0.7,-0.4,-18.8,16.6,-0.4,-0.6,-0.5,7.6,0.2,-1.7,-4.8,-5,-5.6,0.5,-6
1,93,258,155,-31,-32,-1.3,0.7,-1.3,35.5,0.7,0.6,0.1,-1,1.2,-43.5,-34.4,0.1,-0.5,-1.6,0.9,-1.4,1.4,0.5,-14.3,0.5,-0.8,0.1,0.3,1.3,0.1,-0.8,-1.3,-1.1,-1.5,0.5,-1.3
1,72,379,160,44,62,-0.2,0.5,0.7,12.8,-0.2,1.2,1.9,0.7,1.3,2.3,12.9,0.4,-1,-0.1,-0.2,-0.5,-0.2,1,18.7,0.1,0.3,0.2,0.3,1.7,0.6,1.6,0,1.7,0.1,0.7,1.5
1,107,407,182,79,68,0.4,0.8,2.2,25.7,0.4,1,4.3,0.5,2,29.2,46.8,-0.4,-0.8,0.1,0.4,0.1,0.1,0.7,50.6,0.7,-0.4,-0.2,-0.4,10.5,0.4,7.4,0.7,7.6,0,0.6,6
1,81,357,148,64,51,-0.4,0.6,1.4,22.6,-0.4,1.1,0.9,0.7,-0.6,15.9,12.1,0.3,-0.8,-0.3,-0.3,0.9,-0.2,0.8,24.3,-0.1,-0.5,0.2,0.5,0.5,0.5,0.7,-0.5,0.9,-0.2,0.5,1
1,76,329,141,81,73,-0.3,0.7,1.6,17.2,-0.5,0.6,2.1,-0.3,0.5,33.3,37,0.5,0,-0.2,0,0.7,-0.1,0,55.6,1,-0.8,-1.6,-1,10.6,-0.8,3.5,-0.9,2.8,-0.8,-0.7,1.9
1,83,377,111,87,91,0,0.3,-0.2,-0.1,0,1.1,0.6,0.7,0.7,10.7,14.9,0,-0.6,-0.1,-0.2,-0.3,0,0.9,16.5,1,0,0,0,2.6,0.6,1,0,0.4,-0.2,0.6,0.5
9,147,509,327,31,-17,-1.4,0.5,-0.9,17.6,-1.5,1.1,-1.8,0.7,-1.1,0.4,-16.3,1.4,-0.8,-0.6,-0.1,0.4,-0.8,0.8,-5.2,3.8,-0.8,-0.2,0.2,11.6,0.8,6.4,1.4,1.8,-1.2,0.6,-1.9
1,82,336,174,38,43,-0.6,0.9,1.7,24.5,-0.5,0.3,2.2,-0.5,0.7,2,7.6,0.3,-0.6,-0.5,0.7,0.4,0.1,-0.1,22.2,0.8,0.1,0.3,0.1,5.3,-0.2,3.3,0.6,3,0.2,-0.1,2.5
10,110,426,154,102,76,0.2,0.6,1.2,6.4,0.1,1.1,2.1,0.6,0.9,15,19.6,-0.2,-0.8,0.2,0.1,0.5,0.1,0.9,20.2,0.1,0.5,0.9,0.9,3.3,0.6,3.1,0.4,2.8,0.5,0.5,2.8
3,108,341,168,-49,-19,-0.7,1,0.3,29.7,0.7,0.7,2.5,0.2,2.4,-41.3,-20.7,0,-1.2,-0.9,1,-1.4,0.9,0.8,-11.4,1.8,-1.1,-0.8,-1.3,6.2,0.4,6.4,0.5,3.5,-0.1,0.9,1.5
1,82,369,152,33,23,-0.1,0.8,1.3,17.6,-0.4,1.2,1.1,0.7,-0.5,0.2,-3.2,0.2,-0.9,-0.3,0.6,0.9,0,0.9,7.7,0.1,-0.6,0.2,0.5,1.1,0.4,1.5,0,1.5,0,0.6,1.3
10,93,387,175,45,40,-0.2,0.9,2.2,37.8,0.5,1,2.4,0.6,0.4,7.1,10.4,-0.1,-0.9,-0.6,-0.1,1.1,0.6,0.7,23.5,0.6,-0.7,-0.4,0.2,7,-0.5,3.7,-0.3,3.7,-0.5,-0.4,3.5
14,95,347,156,84,64,0.4,0.7,2.6,26.1,0.2,0.7,3.3,0.3,0.8,25.9,32.6,-0.2,-0.6,0.2,0.4,1.1,0,0.4,43.3,0.1,0.1,0.2,-0.5,3.3,0.6,3.3,0.2,3.5,0.1,0.4,3
1,80,418,178,19,31,-0.2,0.8,-0.3,30.1,-0.6,0.8,0.5,0.2,0.9,-5.8,1.9,0.1,-0.4,0.4,0.3,-0.6,-0.6,-0.4,12.3,0.7,-0.4,0.2,0.3,6.7,0.6,6.7,0.1,3.2,-0.3,0.3,0.8
5,185,284,123,-172,166,0.6,-1.5,3.2,-10.9,0.2,-0.6,2.9,1,-0.3,13,10.9,-1.9,1.3,1.1,-1.4,1.7,0.8,-0.2,-0.8,-4.5,1.3,-1,-1,0.5,-0.6,1.6,2.6,3.5,2.7,-0.8,3.6
1,73,381,170,35,38,0.3,0.5,2.2,33.8,0.8,0.6,2.8,0.3,0.7,1.8,7.1,-1,-0.9,0,0.3,0.8,1,0.6,23.4,-0.2,-0.6,0.4,0.7,5.7,0.8,5.5,0.4,4.3,-0.2,0.5,3
1,78,363,154,84,78,-0.2,0.4,1.2,12.8,0.6,0.4,3.6,0.5,2.5,20.8,43.3,-0.2,-0.8,-0.5,0.3,-0.7,0.7,0.5,46.1,0.1,-0.8,0.2,0.5,2,-0.1,3,0.1,2.8,0.2,-0.1,2.5
1,71,388,170,53,62,-0.1,0.4,0.3,15.8,0,1.7,1.6,1.4,1.5,8.9,19.4,-0.1,-1,0,-0.6,-0.7,0.2,1.5,22.8,0.5,0,0,0,5.3,1,2.8,-0.9,1.7,-1.4,0.4,1.1
1,86,376,184,25,24,0.2,1.3,2.6,72,0.1,1.3,2.4,0.4,-0.5,-6.7,-10.7,-0.1,-1.3,-0.3,0.7,1.4,0.4,0.8,24.6,2.2,0.6,0.6,0.7,6.3,1.5,3.2,-0.5,2.8,-0.4,1.3,2.6
1,85,431,179,71,92,-0.6,0.7,-1,-4.4,-0.2,1.3,0.3,0.7,1,13.9,22.1,0.1,-0.9,-0.4,-0.2,-0.8,0.2,0.9,18,0.4,-0.8,-0.7,0.3,0.1,0.3,0.2,-0.5,0.3,-0.5,0.5,0.4
16,76,368,153,0,-1,-0.1,0.6,1.3,39.1,-0.1,0.2,0.8,-0.7,-0.6,-15.9,-18.9,0,-0.1,-0.2,0.5,1.1,-0.1,-0.4,1,0.2,-0.3,0.4,0.4,5,-0.9,4.9,-2,3,-0.6,-0.4,1.7
4,93,376,255,33,34,-0.7,0.6,0.5,27,-1,1.4,0.6,0.9,0.2,2.9,4,0.9,-0.9,-0.1,-0.2,-0.1,-0.8,1,13.4,1.2,-1.5,0.4,0.4,4.2,0.4,0.6,-1.3,0.3,-0.8,0.5,0.3
2,87,396,169,-4,-4,-0.3,0.2,1.8,41.8,-0.1,0.1,1,-0.2,-1,-15.3,-24.5,0.6,-0.7,-0.8,0.5,1.3,-0.1,0.4,-4,1.5,0.1,0.4,0.9,6.2,0.7,3.4,-1.2,1.8,-0.7,0.3,1.1
16,96,368,202,62,62,-0.1,0.5,0.3,17.6,-0.6,-0.3,0.6,-0.8,0.2,20.5,23.2,0.4,-0.2,0,0.6,-0.3,-0.4,-0.6,24.1,0.8,0.2,0.5,1.2,5.2,-0.1,6.7,-1.1,2.2,-1.5,-0.1,-2.2
1,86,338,159,74,60,0.1,0.9,1.9,20.8,0.2,1.5,2.1,0.7,0.4,16.7,19.8,-0.4,-1.2,-0.1,0.3,0.8,0.6,1.1,32.1,-0.1,-0.8,0.1,0.9,3.1,1.2,3.6,0.1,1.8,0,1,2.1
1,78,348,126,74,73,-0.1,0.4,0.5,12.2,-0.1,1.1,1.3,0.9,0.8,26.6,30.7,0.1,-0.7,-0.2,-0.3,-0.2,0,1,40.2,1.1,0.3,0.4,0.4,3.1,0.7,2.3,-0.4,1.8,-0.5,0.7,1.6
1,87,362,168,71,55,-0.3,0.5,0.6,12.7,-0.5,1,0.3,0.4,-0.6,15.8,11.6,0.1,-0.8,-0.2,0.5,0.7,0.1,0.5,16.4,1,-0.2,-0.4,-0.4,4.5,0.7,0.7,-0.2,0.6,-0.3,0.5,0.2
1,80,343,164,77,47,-0.2,0.6,0.6,15.6,-0.9,2.3,-1.7,1.7,-1.5,28.5,9.3,0.4,-1.3,0.5,-0.4,0.8,-0.7,1.7,13.3,0.9,0.2,0.2,0.4,5.4,1.1,2.5,-0.9,1.4,-0.9,0.9,0.9
10,98,339,149,-4,13,-0.4,0.5,-0.3,4.5,-0.5,0.6,0.1,0.1,0.4,-4,-1.3,0.5,-0.5,-0.2,0.5,-0.3,-0.3,0.3,0.7,0.9,-1.2,-0.6,0.8,3.1,0.7,2.6,-0.7,0.8,-1.1,0.2,-0.4
1,75,362,137,43,38,0.1,0.8,1.4,20.6,-0.5,1.2,1.5,0.6,0.1,3.1,3.7,0.2,-1.1,0.4,0.4,0.6,-0.6,0.8,9.9,0.5,0.4,0.4,0.5,1.4,0.6,0.4,-0.2,0.9,-0.3,0.7,1
1,78,374,165,23,48,-0.2,0.8,1.9,29.7,0.4,1.2,3.7,0.6,1.8,-1.6,12.4,-0.7,-0.7,0.1,-0.1,-0.3,0.2,0.8,22.5,0.8,0.1,0.3,0.6,8.8,0.4,5.5,0.1,3.9,1.4,0.5,1.9
15,82,284,196,56,81,-0.4,0,-1.5,-0.6,-0.7,0,-1.8,0,-0.7,11.2,8,0.6,0,-0.3,0,-0.6,-0.1,0,8.4,0.3,0,0,0,-1.6,0.1,-2,-0.9,-1.8,-0.8,0.2,-1.7
1,94,439,139,25,20,-0.5,0.8,0.9,29,0.4,1.8,0.5,1.1,-0.4,-3.2,-6.2,-0.1,-1.1,-0.5,-0.1,0.5,0.6,1.1,11.7,0.6,-0.8,0.5,0.8,1,0.8,0.5,-0.4,0.2,-0.4,0.8,0.4
1,83,359,154,64,58,-0.2,0.3,1.6,22.5,-0.3,0.8,2.8,0.6,1.2,15.5,22.2,-0.1,-0.5,0,-0.3,0.5,0,0.6,35.7,0.4,0.5,0.5,0.6,2.9,0.6,2.6,-0.3,3.2,-0.4,0.5,3
1,94,367,171,-7,32,0,0.9,1.2,27.4,0.1,1.6,2.2,0.9,1.1,-7.9,2.2,-0.3,-1.2,0.1,-0.2,0.3,-0.1,1.2,11.9,0,-0.7,-0.1,-0.3,2.6,0.9,1.8,-0.3,1.6,-0.2,1,1.6
9,140,438,226,-40,69,-0.6,1.3,1,31.2,1.9,1.5,7.2,-0.2,7.1,-27.9,53,-0.9,-1.3,-1.5,0.5,-3.5,2.5,0.8,62.7,2.5,-1.2,0.2,0.6,10.7,0.8,8.6,3.4,7.2,0.8,1,5.5
1,87,362,177,44,36,0.4,1.1,2.4,42.3,0.8,1.4,2.2,0.4,-0.3,6.1,3.7,-0.1,-1.1,-0.4,-0.1,1.2,0.6,0.9,24.6,1.4,-0.7,0.4,0.5,6.6,0.5,4.5,0.5,3.7,0.2,0.6,3
1,55,340,162,40,37,0.1,0.4,1.3,23.3,-0.8,1.1,1.6,0.7,0.2,3.6,5,0.4,-0.7,0.5,-0.2,0.7,-0.9,0.9,14.1,0.4,-0.6,0.1,0.1,4.9,0.4,5.1,-0.1,3.5,0,0.5,2.3
10,133,417,260,-158,-29,0.1,0.4,0.9,0.5,0.2,0.7,1,0.4,-0.5,1.6,-2.4,0.1,-0.6,0,-0.2,0.8,-0.2,0.6,-2.1,0.1,0.6,-0.5,-0.9,2.4,0.7,1.7,0.4,1,0.1,0.4,0.8
1,83,364,120,29,40,-0.1,0.4,-0.2,12.4,0,0.6,0.6,0.2,0.7,-1.4,3,0.1,0,-0.4,0,-0.2,0,0,9.3,0.7,-0.6,-0.4,0.2,0.9,0.4,0.7,-0.2,0.4,0,0.3,0.4
16,77,358,159,87,76,-0.2,1,1.1,5.9,-0.8,1,2,-0.3,0.8,17.1,21.7,0,-1,0,0.4,0.2,0.1,-0.1,32.4,1.2,-0.4,0.7,0.6,2.3,1.2,-4.8,-0.4,1.3,-0.3,0.7,3.6
10,123,361,221,112,51,1,1.1,2,19.2,-0.3,0.9,0.9,-0.4,-1.9,35.2,13.2,-0.3,-0.8,1.2,0.7,1.5,-0.8,0.4,3.8,-1.4,1.1,1,1.1,-5.9,0.1,0.8,-0.7,1.8,-0.3,0.2,1.8
6,79,381,173,52,49,-0.3,0.5,0.9,15.2,-0.6,1.1,1.3,0.5,0.4,4.6,6.6,0.3,-0.7,0,-0.1,0.3,-0.4,0.7,18.2,0.7,-0.4,-0.2,-0.3,5,0.5,2.5,-0.7,1.6,-0.6,0.6,1.2
10,88,362,228,-18,33,0.6,0.5,2,25.4,0.9,1.2,3.4,0.8,1.3,-8.7,1.7,-0.6,-0.8,0.1,-0.2,0.4,0.4,1,13.5,-0.5,-1,-0.8,-0.4,2.1,0.2,6.5,0.6,8.3,0.1,0.7,5.5
3,80,290,128,-67,-65,-0.3,0.9,-0.3,9.1,0.1,0.5,0.5,0.1,0.8,-25.2,-19.8,0.1,-0.6,-0.2,0.6,-0.5,0.1,0.3,-16.2,0.1,-1.3,-0.5,-0.4,0.8,0.5,-0.4,-0.3,-0.5,0.1,0.3,-0.2
1,88,360,163,-22,-6,0.2,-0.1,1.9,40.8,0.2,1.3,1.8,1,-0.6,-23,-27.6,-0.4,-0.9,0.2,-0.3,1.2,0,1.1,-5.3,1.9,-0.6,-0.6,-0.9,6.4,0.5,-0.8,0.2,-1.3,-0.2,0.5,0.4
1,79,367,153,50,46,0.2,0.5,1.1,23.7,-0.4,1.7,1.2,1.2,0.3,8.7,10.9,0.1,-1.1,0.3,-0.3,0.6,-0.5,1.4,19.8,0.8,0.2,0.3,0.5,2.2,0.8,1.3,-0.1,1.5,-0.1,0.8,1.3
1,77,340,148,27,41,-0.1,0.5,1.6,27.5,0,1.4,2.8,1.2,1.1,-1.2,6.5,-0.2,-0.9,-0.1,-0.5,0.2,0.1,1.3,22.9,0.5,-0.9,0.2,0.5,5.1,0.6,4.2,0.4,3.1,0.5,0.5,2.4
1,87,391,137,66,59,-0.3,0.9,1.3,15.1,-0.8,1.7,1.8,0.8,0.7,15.4,18.4,0,-1.3,0.2,0.2,0.4,-0.3,1.3,34.9,0.9,-0.3,-0.3,-0.3,3.6,1,1.1,-0.5,1.8,-0.6,1,2.1
1,88,357,179,1,4,-0.1,0.8,-0.4,22,-0.3,1.2,0.5,0.4,0.2,-11.2,-8.5,0.3,-0.6,0,-0.1,-0.4,-0.2,0.5,0.3,0.9,-0.2,0.1,-0.1,5.2,0.8,3.4,-0.6,1.3,-0.4,0.5,0.6
1,94,383,152,92,77,0.1,0.5,1.3,5.9,-0.1,1.2,0.7,0.7,-1.2,30.4,22.8,0.1,-0.8,0.2,-0.2,1.1,-0.1,0.9,34.3,0.6,-0.6,0.2,0.3,3.1,0.7,2.4,-0.5,1.9,-0.3,0.8,1.7
1,88,389,172,67,58,0,0.4,1.5,21.4,-0.3,0.8,2.3,0.4,0.8,14.9,19.5,0.4,-0.7,0.5,-0.1,0.6,-1.3,0.6,32.3,0.6,-0.7,-0.2,0.3,6.5,0.8,4.4,-1.4,2.5,-1,0.7,1.8
1,74,374,146,68,55,-0.1,0.7,1.4,17.1,-0.3,1,1.1,0.4,-0.5,18.3,15.2,0.2,-0.8,-0.7,0.3,0.9,-0.4,0.7,20.7,0.3,0.4,0.4,0.6,4.9,0.7,2.9,-0.1,2.4,0,0.7,1.8
1,85,363,146,-40,-28,-0.5,0.8,1.6,23.2,-0.2,0.9,0.7,0.4,-1.1,-16.8,-24.7,0.3,-0.7,-0.6,-0.2,1.4,0.2,0.6,-10.7,0.6,-0.4,0.5,0.6,1.1,0.7,0.9,-0.2,0.8,-0.1,0.5,0.5
10,88,384,132,65,55,-0.1,0.7,0.8,8.5,-0.4,0.8,0.8,0.4,0.3,5.8,7.9,-0.4,-0.6,0.7,0.4,0.3,-0.1,0.5,7.9,0.3,0.3,0.7,1,3,1,3.5,-0.5,2.8,-0.4,0.5,1.4
1,81,325,218,24,25,0.1,0.9,2.7,35.4,0.3,1,2.6,0.1,-0.2,-1.5,-3.1,-0.2,-0.9,-0.4,0.6,1.3,0.1,0.5,14.6,0.7,0.1,0.1,0.4,7.7,0.8,3.7,0.3,3.2,0.1,0.5,2.3
1,91,376,160,91,80,0.1,0.6,0.7,6.3,0.5,0.4,1.9,0.1,1.3,16.9,26.5,0.3,-0.6,-0.7,0.5,-0.3,0.2,0.4,22.8,0.4,0.3,0.5,0.8,4.7,-0.9,3.4,-0.4,1.8,-0.4,-0.4,1.3
1,81,363,166,43,42,0.1,0.4,1.9,27.9,0.1,1.4,2.4,1,0.5,3,5.3,0,-0.8,-0.2,-0.3,0.6,0.1,1,22.3,0.2,0,0,0,6.7,0.6,5.9,0,3,0,0.5,2.3
1,80,382,154,-37,-27,0,0.8,0.8,20.6,0.1,1,0.5,0.3,-0.4,-15.4,-17.8,0.1,-0.9,-0.2,0.4,0.6,-0.1,0.5,-11.3,0.6,-0.1,0.2,-0.1,2.2,0.8,1.4,0.1,1,0,0.7,0.6
10,100,361,201,86,79,-0.2,0.7,1.1,11.8,0.8,0.9,2.7,0.3,1.6,29.6,40.4,0,-0.5,-0.9,0.1,-0.3,0.8,0.5,49.3,1,-0.4,-0.4,-0.3,10.8,0.7,5.9,-0.7,3.7,-0.5,0.4,2.4
2,108,365,194,-85,-70,0.1,1.3,2.1,20.8,1.4,-1.5,0.6,-2.8,-1.8,-46.8,-58.6,-0.8,-0.1,-0.5,2,1.9,1.4,-2.1,-49.4,-1.8,1.8,3.3,1.4,-8.2,1,-8.2,0.2,-2.5,1.2,1.5,1
1,93,386,218,54,43,-0.4,0.7,2.2,33.4,0.8,0.5,2,-1.1,0.2,11.9,13.7,-0.4,-0.6,-0.5,0.7,1.2,1,-0.9,26.9,1,0.7,0.5,0.9,7.3,0.6,3.8,0.1,3.2,0.2,0.5,2.4
1,79,364,138,28,47,-0.4,0.6,0.4,21.9,-0.4,1,2,0.4,1.6,-2.3,7.6,0.2,-0.8,-0.3,0.2,-0.7,0.1,0.7,22,0.4,0.2,0.4,0.4,2.9,0.5,2.4,-0.4,1.7,-0.3,0.5,1.6
